-475.176971,126.122925,-1.558140
-879.132385,375.206299,-1.540140
-833.357788,386.753479,-1.540140
-873.846680,400.472839,-1.560140
-920.023804,397.857178,-1.577140
-919.774414,356.508423,-1.549140
-904.534485,372.241699,-1.562140
-896.854980,348.106476,-1.562140
-887.228760,351.389282,-1.555140
-878.070618,357.716522,-1.555140
-877.720520,378.993713,-1.553140
-877.387451,420.004028,-1.553140
-900.632263,410.727661,-1.572140
-920.362305,418.543549,-1.536140
-918.093933,468.069061,-1.536140
-902.612427,444.310486,-1.532140
-922.422424,413.240601,-1.556140
-943.473755,427.077423,-1.598140
-940.766724,397.817261,-1.571140
-871.869202,328.648254,-1.594140
-751.553650,154.646988,-1.569140
-584.723694,-75.300400,-1.616140
-418.009308,-441.139343,-1.555140
-311.622284,-632.994934,-1.569140
-225.532837,-725.960571,-1.608140
-142.318436,-857.534668,-1.610140
-35.917328,-968.914917,-1.607140
49.737640,-1161.464355,-1.627140
83.460205,-1253.609131,-1.576140
124.545319,-1378.215088,-1.551140
292.009705,-1568.535278,-1.594140
415.864960,-1672.405640,-1.594140
415.864960,-1672.405640,-1.594140
415.864960,-1672.405640,-1.594140
557.600952,-1838.618042,-1.583140
