3350.352051,-994.460022,1.560861
6453.259277,-3000.266113,1.602860
6372.846680,-3171.919434,1.602860
6429.562500,-3077.015137,1.560861
6483.520508,-2894.093018,1.560861
6463.121582,-2910.980957,1.556860
6443.714355,-2943.530762,1.556860
6492.104492,-2910.890625,1.560861
6567.356445,-2897.333496,1.568860
6595.150391,-2992.461182,1.568860
6607.349609,-2918.889648,1.543860
6624.993164,-2794.027832,1.551860
6630.737793,-2826.677734,1.551860
6595.910645,-2826.032959,1.557860
6562.776855,-2824.789307,1.557860
6488.086914,-2937.103516,1.597860
6484.496094,-2996.935547,1.538860
6538.934082,-2794.245605,1.568860
6495.970703,-2938.982910,1.529860
6474.406250,-2826.771484,1.505860
6493.898926,-2643.941895,1.457860
6345.896484,-2464.724121,1.503860
6298.031738,-2590.624512,1.480860
6317.871582,-2555.729980,1.528860
6224.487793,-2531.214844,1.511860
6216.965820,-2144.904785,1.438861
6206.573730,-1811.489624,1.414860
6140.206543,-1624.167725,1.410860
6054.937500,-1525.813110,1.431860
5987.025879,-1424.922241,1.422861
5845.095215,-1185.970215,1.407860
5654.789551,-1107.162720,1.461861
5474.376953,-1137.129150,1.402861
5236.787109,-815.143555,1.426860
5138.396973,-609.397339,1.435861
