2 216.203293,323.206360,1.777861 275.791870 2258.682861
2 227.198135,394.775391,1.812046 673.034180 6593.076660
2 220.233627,395.233978,1.773860 669.442749 6570.700684
2 218.998596,395.697388,1.773860 543.961670 6598.337891
2 223.320953,395.809814,1.808046 613.255005 6599.838379
2 230.606583,396.688171,1.826046 785.575317 6613.808594
2 231.602875,397.046143,1.826046 886.797974 6635.159668
2 228.081116,397.261597,1.810046 830.339233 6638.036133
2 232.788269,398.471863,1.840046 860.564209 6658.494629
2 222.691162,397.521179,1.786860 765.949219 6668.116211
2 221.057449,396.903076,1.786860 599.962524 6631.253418
2 212.493439,395.785278,1.748860 462.670044 6616.333008
2 211.207870,395.303070,1.748860 332.053955 6587.573730
2 217.384430,397.675049,1.771860 431.072266 6619.236328
2 233.432175,398.013153,1.847046 767.678955 6671.117676
2 222.149323,395.846497,1.780861 781.026489 6628.514160
2 212.072723,396.622009,1.751860 445.398071 6601.500977
2 227.007385,396.120056,1.826046 581.517578 6626.404297
2 230.028870,394.293274,1.830046 837.302124 6578.361816
2 222.306046,390.230835,1.772860 721.181152 6497.858887
2 219.122742,384.321289,1.753860 569.793457 6349.182617
2 220.496933,380.084259,1.743860 565.997925 6204.719238
2 216.604919,373.925537,1.689860 525.132080 6075.817383
2 235.841614,361.233276,1.743860 780.297119 5803.545410
2 250.529205,346.910034,1.797046 1270.848633 5403.254395
2 256.781830,336.514709,1.802046 1521.459229 5068.659668
2 263.540375,324.224670,1.814046 1687.550659 4781.491699
2 263.505981,309.824127,1.747860 1765.146362 4396.942871
2 274.385559,278.237976,1.701861 1927.388306 3770.698486
2 277.879944,266.540161,1.725860 2124.986084 3072.044434
2 277.070953,267.354492,1.716860 2135.650146 3083.346924
2 284.217499,267.747742,1.793046 2236.279785 3104.671387
2 278.564087,265.479919,1.742860 2239.539062 3075.317383
2 286.723022,254.716309,1.757861 2283.623535 2885.953125
2 292.136597,243.992264,1.751860 2488.231201 2547.560791
2 289.293274,242.093658,1.696860 2494.501465 2392.286133
2 288.775513,242.485489,1.696860 2441.894043 2415.653809
2 297.428040,231.569946,1.743860 2580.605225 2269.945801
2 298.726898,226.860962,1.743860 2712.571777 1989.104492
2 298.481323,224.613358,1.670860 2708.635254 1959.101562
2 300.263000,219.407043,1.674860 2734.043457 1844.719482
2 300.536011,217.579330,1.674860 2761.779297 1735.715576
2 304.630188,212.192291,1.705860 2827.414795 1663.805908
2 305.244781,209.868317,1.705860 2889.858154 1525.204956
2 304.817535,212.038513,1.700860 2883.009277 1554.174194
