182.872421,122.282867,1.615860
147.692261,63.545662,1.834046
119.327187,70.185120,2.002046
110.295959,74.084198,2.002046
124.168190,69.482033,1.834046
137.365845,60.611694,1.834046
114.462410,66.486374,2.142046
92.672722,77.809395,2.142046
111.335579,75.698784,1.859046
105.013306,77.278984,2.220046
82.106606,88.165581,2.220046
117.698616,79.169518,1.720860
124.071953,67.597176,2.085046
97.920746,78.712448,2.085046
104.112831,76.424103,1.987046
108.632973,71.576225,1.960046
116.404816,73.195518,1.888046
159.226486,68.966072,1.443860
122.878983,69.109367,2.461046
88.239601,91.794144,1.915046
104.359177,74.561272,2.120046
99.272652,77.896248,1.976046
132.645264,64.536438,1.721861
154.973282,54.069389,1.659860
150.321152,58.207878,1.722860
130.577332,70.371468,1.939046
114.263985,81.514694,1.964046
125.735207,78.093468,1.714860
144.462280,65.916046,1.702860
149.711304,65.329124,1.733860
133.509491,64.545128,1.874046
154.642044,66.057495,1.474860
161.471436,56.065094,1.817046
107.116173,72.466171,2.208046
90.970009,81.405334,1.967046
109.497353,71.146645,1.881046
102.769859,71.670769,2.096046
129.902039,72.452850,1.559860
163.175842,55.316826,1.589860
119.778122,62.598511,2.140046
108.997879,77.050789,1.753860
125.768692,64.983749,1.943046
112.846291,69.297066,1.929046
101.870232,74.481155,2.096046
109.817642,78.932922,1.871046
