2 212.729919,130.220856,-2.239140
2 225.489868,84.819450,-2.254139
2 225.202255,85.650360,-2.254139
2 223.915756,85.685760,-2.221139
2 222.468613,85.610939,-2.230139
2 222.784103,85.732025,-2.217139
2 222.306000,86.246841,-2.186140
2 221.373383,85.764915,-2.186140
2 222.460403,85.157578,-2.205140
2 223.494568,83.986992,-2.205140
2 221.334747,84.178413,-2.182140
2 219.279938,84.547363,-2.182140
2 222.815506,84.722549,-2.229140
2 226.990479,85.100586,-2.256140
2 227.762360,85.178459,-2.256140
2 224.910324,85.711990,-2.233140
2 221.606583,86.579292,-2.194139
2 220.501923,84.828941,-1.938140
2 221.203064,81.423431,-1.690140
2 220.006790,80.355804,-1.312140
2 219.208084,80.533699,-0.955140
2 221.177032,79.980171,-0.635140
2 218.280594,77.882057,0.054860
2 213.463959,74.938271,0.437860
2 213.267120,75.044281,0.803861
2 214.198090,77.914932,1.412861
2 213.952881,81.606339,1.412861
2 215.130371,82.164581,1.558860
2 216.250610,83.240562,1.558860
2 215.693695,84.508438,1.553861
2 215.163849,86.952179,1.553861
2 215.972244,85.925934,1.536860
2 216.937851,83.453201,1.557860
2 217.124817,82.499672,1.557860
2 216.077057,82.839600,1.575860
