1328213385800
1328213386196
1328213386568
1328213386932
1328213387297
1328213387672
1328213388030
1328213388391
1328213388779
1328213389160
1328213389558
1328213389920
1328213390349
1328213390693
1328213391051
1328213391457
1328213391820
1328213392177
1328213392549
1328213392913
1328213393289
1328213393676
1328213394095
1328213394464
1328213394825
1328213395242
1328213395703
1328213396082
1328213396443
1328213396804
1328213397165
1328213397526
1328213397903
1328213398270
1328213398689
1328213399055
1328213399478
1328213399835
1328213400189
1328213400575
1328213400928
1328213401301
1328213401681
1328213402066
1328213402464
1328213402871
1328213403255
1328213403611
1328213403974
1328213404364
1328213404741
1328213405134
1328213405507
1328213405878
1328213406249
1328213406607
1328213407033
1328213407407
1328213407815
1328213408183
1328213408576
1328213408937
1328213409329
1328213409698
1328213410065
1328213410430
1328213410805
1328213411172
1328213411591
1328213411959
1328213412950
1328213413317
1328213413706
1328213414112
1328213414490
1328213414902
1328213415272
1328213416064
1328213416466
1328213416857
1328213417250
1328213417649
1328213418034
1328213418388
1328213418761
1328213419130
1328213419506
1328213419919
1328213420296
1328213420659
1328213421024
1328213421388
1328213421760
1328213422132
1328213422510
1328213422911
1328213423310
1328213423691
1328213424064
1328213424480
1328213424870
1328213425271
1328213425644
1328213426050
1328213426438
1328213426856
1328213427219
1328213427588
1328213427954
1328213428329
1328213428746
1328213429130
1328213429521
1328213429906
1328213430310
1328213430692
1328213431091
1328213431521
1328213431909
1328213432281
1328213432694
1328213433151
1328213433616
1328213433985
1328213434634
1328213435021
1328213435379
1328213435739
1328213436123
1328213436511
1328213436913
1328213437303
1328213438382
1328213438738
1328213439116
1328213439490
1328213439889
1328213440281
1328213440681
1328213441060
1328213441463
1328213441841
1328213442207
1328213442584
1328213442939
1328213443298
1328213443693
1328213444059
1328213444473
1328213444880
1328213445261
1328213445626
1328213446028
1328213446393
1328213446758
1328213447131
1328213447498
1328213447918
1328213448288
1328213448670
1328213449074
1328213449445
1328213449813
1328213450178
1328213450588
1328213450949
1328213451308
1328213451698
1328213452062
1328213452435
1328213452806
1328213453171
1328213453580
1328213453979
1328213454423
1328213454846
1328213455223
1328213455626
1328213456002
1328213456377
1328213456747
1328213457108
1328213457522
1328213457926
1328213458302
1328213458670
1328213459034
1328213459403
1328213459776
1328213460183
1328213460550
1328213460926
1328213461334
1328213461701
1328213462091
1328213462553
1328213462915
1328213466285
1328213466642
1328213467028
1328213467421
1328213467792
1328213468201
1328213468575
1328213468935
1328213469304
1328213469664
1328213470028
1328213470412
1328213470790
1328213471193
1328213471585
1328213471940
1328213472320
1328213472684
1328213473089
1328213473467
1328213473800
1328213474196
1328213474572
1328213474977
1328213475365
1328213475771
1328213476142
1328213476597
1328213476960
1328213477337
1328213477741
1328213478168
1328213478591
1328213478964
1328213479374
1328213479752
1328213480160
1328213480550
1328213480944
1328213481316
1328213481736
1328213482109
1328213482527
1328213482923
1328213483323
1328213483690
1328213484125
1328213484483
1328213484891
1328213485269
1328213485659
1328213486032
1328213486452
1328213486829
1328213487240
1328213487598
1328213488020
1328213488416
1328213488812
1328213489174
1328213489598
1328213489952
1328213490312
1328213490756
1328213491169
1328213491532
1328213491897
1328213492286
1328213492703
1328213493068
1328213493454
1328213493841
1328213494206
1328213494580
1328213494942
1328213495323
1328213495753
1328213496143
1328213496511
1328213497021
1328213497395
1328213497834
1328213498239
1328213498598
1328213498974
1328213499356
1328213499727
1328213500131
1328213500543
1328213500926
1328213501309
1328213501716
1328213502082
1328213502490
1328213502880
1328213503278
1328213503645
1328213504021
1328213504392
1328213504756
1328213505169
1328213505544
1328213505949
1328213506341
1328213506751
1328213507133
1328213507523
1328213507899
1328213508266
1328213508637
1328213509039
1328213509412
1328213509776
1328213510146
1328213510510
1328213510874
1328213511301
1328213511666
1328213512079
1328213512460
1328213512923
1328213513284
1328213513681
1328213514063
1328213514458
1328213514873
1328213515254
1328213515702
1328213516061
1328213516425
1328213516809
1328213517189
1328213517593
1328213517979
1328213518379
1328213518746
1328213519114
1328213519489
1328213519853
1328213520840
1328213521220
1328213522439
1328213522799
1328213523172
1328213523569
1328213523933
1328213524355
1328213524757
1328213525146
1328213525534
1328213525922
1328213526288
1328213526653
1328213527083
1328213527451
1328213527861
1328213528233
1328213528602
1328213528964
1328213529321
1328213529702
1328213530076
1328213530501
1328213530870
1328213531270
1328213531639
1328213532009
1328213532381
1328213532752
1328213533160
1328213533531
1328213533942
1328213534314
1328213534685
1328213535103
1328213535522
1328213535879
1328213536240
1328213536627
1328213536999
1328213537403
1328213537764
1328213538130
1328213538530
1328213538899
1328213539294
1328213539666
1328213540034
1328213540404
1328213540787
1328213541241
1328213541654
1328213542022
1328213542382
1328213542760
1328213543125
1328213543494
1328213543859
1328213544233
1328213544672
1328213545046
1328213545423
1328213545783
1328213546153
1328213546537
1328213546903
1328213547315
1328213547677
1328213548046
1328213548411
1328213548774
1328213549137
1328213549542
1328213549906
1328213550303
1328213550665
1328213551037
1328213551422
1328213551811
1328213552200
1328213552570
1328213552929
1328213553346
1328213553726
1328213554088
1328213554450
1328213554859
1328213555221
1328213555583
1328213555967
1328213556344
1328213556750
1328213557119
1328213557484
1328213557884
1328213558260
1328213558649
1328213559018
1328213559424
1328213559783
1328213560685
1328213561055
1328213561415
1328213561796
1328213562155
1328213562514
1328213562888
1328213563261
1328213563624
1328213563997
1328213564364
1328213564724
1328213565153
1328213565559
1328213565919
1328213566282
1328213566664
1328213567029
1328213567394
1328213567776
1328213568152
1328213568554
1328213568929
1328213569292
1328213569655
1328213570014
1328213570428
1328213570798
1328213571160
1328213571554
1328213571922
1328213572320
1328213572697
1328213573110
1328213573485
1328213573859
1328213574238
1328213574620
1328213575003
1328213575368
1328213575797
1328213576267
1328213576652
1328213577039
1328213577421
1328213577785
1328213578154
1328213578520
1328213578881
1328213579308
1328213579724
1328213580112
1328213580512
1328213580881
1328213581291
1328213581652
1328213582020
1328213582392
1328213582759
1328213583182
1328213583627
1328213583994
1328213584359
1328213584757
1328213585128
1328213585511
1328213585871
1328213586250
1328213586638
1328213587005
1328213590394
1328213590752
1328213591112
1328213591526
1328213591891
1328213592248
1328213592620
1328213592982
1328213593417
1328213593779
1328213594134
1328213594509
1328213594874
1328213595231
1328213595651
1328213596025
1328213596430
1328213596784
1328213597183
1328213597554
1328213600963
1328213601330
1328213601750
1328213602115
1328213602529
1328213602899
1328213603250
1328213603683
1328213604103
1328213604459
1328213604826
1328213605199
1328213605573
1328213605991
1328213606351
1328213606710
1328213607103
1328213607469
1328213607869
1328213608229
1328213608598
1328213608999
1328213609378
1328213609769
1328213610129
1328213610488
1328213610866
1328213611230
1328213611589
1328213611971
1328213612335
1328213612750
1328213613121
1328213613492
1328213613857
1328213614250
1328213614634
1328213615001
1328213615420
1328213615823
1328213616211
1328213616587
1328213616967
1328213617330
1328213617726
1328213618099
1328213618464
1328213618824
1328213619190
1328213619562
1328213619927
1328213620299
1328213620668
1328213621038
1328213621440
1328213621822
1328213622184
1328213622544
1328213622907
1328213623289
1328213623663
1328213624073
1328213624437
1328213624799
1328213625172
1328213625544
1328213625903
1328213626281
1328213626646
1328213627011
1328213627533
1328213627912
1328213628322
1328213628689
1328213629050
1328213629426
1328213629799
1328213630205
1328213630557
1328213630948
1328213631311
1328213631669
1328213632030
1328213632419
1328213632782
1328213633192
1328213633573
1328213633981
1328213634343
1328213634702
1328213635083
1328213635447
1328213635808
1328213636180
1328213636564
1328213636992
1328213637359
1328213637760
1328213638128
1328213638487
1328213638870
1328213639247
1328213639648
1328213640016
1328213640432
1328213640815
1328213641218
1328213641585
1328213641957
1328213642319
1328213642678
1328213643100
1328213643475
1328213643891
1328213644260
1328213644634
1328213644999
1328213645364
1328213645769
1328213646146
1328213646573
1328213646955
1328213647349
1328213647757
1328213648213
1328213648600
1328213648978
1328213649339
1328213649711
1328213650081
1328213650490
1328213650894
1328213651279
1328213651657
1328213652060
1328213652421
1328213652790
1328213653169
1328213653563
1328213653953
1328213654314
1328213654742
1328213655131
1328213655529
1328213655901
1328213656328
1328213656713
1328213657108
1328213657478
1328213657844
1328213658257
1328213658671
1328213659150
1328213659534
1328213659930
1328213660295
1328213660720
1328213661100
1328213661505
1328213661865
1328213662348
1328213662767
1328213663238
1328213663599
1328213663974
1328213664349
1328213664720
1328213665119
1328213665483
1328213665849
1328213666231
1328213666605
1328213667011
1328213667390
1328213667821
1328213668226
1328213668649
1328213669049
1328213669404
1328213669766
1328213670212
1328213670572
1328213670948
1328213671357
1328213671793
1328213672203
1328213672569
1328213672929
1328213673316
1328213673696
1328213674091
1328213674476
1328213674878
1328213675248
1328213675603
1328213675984
1328213676353
1328213676715
1328213677072
1328213677431
1328213677829
1328213678280
1328213678667
1328213679123
1328213679500
1328213679920
1328213680285
1328213680657
1328213681059
1328213681423
1328213681788
1328213682150
1328213682535
1328213682908
1328213683285
1328213683681
1328213684044
1328213684445
1328213684809
1328213685201
1328213685571
1328213685939
1328213686313
1328213686672
1328213687050
1328213687465
1328213687832
1328213688254
1328213688630
1328213689041
1328213689405
1328213689825
1328213690210
1328213690615
1328213690984
1328213691389
1328213691746
1328213692178
1328213692552
1328213692911
1328213693282
1328213693645
1328213694071
1328213694440
1328213694849
1328213695206
1328213695593
1328213695963
1328213696318
1328213696687
1328213697064
1328213697451
1328213697845
1328213698210
1328213698641
1328213699017
1328213699410
1328213699806
1328213700210
1328213700589
1328213700989
1328213701355
1328213701728
1328213702090
1328213702500
1328213702882
1328213703249
1328213703683
1328213704052
1328213704450
1328213704818
1328213705233
1328213705630
1328213706022
1328213706379
1328213706814
1328213707180
1328213707540
1328213707918
1328213708292
1328213708741
1328213709101
1328213709492
1328213709888
1328213710274
1328213710640
1328213711062
1328213711465
1328213711845
1328213712226
1328213712630
1328213713032
1328213713411
1328213713778
1328213714199
1328213714597
1328213714987
1328213715387
1328213715782
1328213716146
1328213716512
1328213716894
1328213717938
1328213718304
1328213718678
1328213719081
1328213719453
1328213719863
1328213720221
1328213720602
1328213721002
1328213721372
1328213721755
1328213722151
1328213722578
1328213722936
1328213723405
1328213723810
1328213724182
1328213724582
1328213725071
1328213725454
1328213725855
1328213726226
1328213726634
1328213727003
1328213727410
1328213727807
1328213728201
1328213728595
1328213729030
1328213729454
1328213729824
1328213730215
1328213730593
1328213731958
1328213732312
1328213732689
1328213733072
1328213733448
1328213733854
1328213734219
1328213734588
1328213734959
1328213735327
1328213735700
1328213736073
1328213736458
1328213736863
1328213737260
1328213737648
1328213738040
1328213738419
1328213738831
1328213739210
1328213739572
1328213739942
1328213740302
1328213740666
1328213741100
1328213741487
1328213741885
1328213742246
1328213742606
1328213742996
1328213743376
1328213743780
1328213744150
1328213744551
1328213744920
1328213745280
1328213745662
1328213746029
1328213746399
1328213746772
1328213747145
1328213747539
1328213747934
1328213748334
1328213748706
1328213749074
1328213749442
1328213749823
1328213750226
1328213750599
1328213751006
1328213751393
1328213751796
1328213752159
1328213752574
1328213752942
1328213753363
1328213753748
1328213754139
1328213754519
1328213754903
1328213755268
1328213755640
1328213756032
1328213756413
1328213756781
1328213757158
1328213757543
1328213757924
1328213758305
1328213758709
1328213759070
1328213759428
1328213759812
1328213760180
1328213760543
1328213760976
1328213761397
1328213761767
