1323.111572,-4853.748535,3.102238
1362.820435,-4849.538086,3.109847
1394.759155,-4851.084961,3.106423
1393.602295,-4857.811523,3.102149
1413.764038,-4855.031250,3.106717
1413.385254,-4848.963379,3.118944
1408.619019,-4841.735352,3.122059
1400.644165,-4836.655762,3.117248
1389.958252,-4835.228027,3.112061
1359.449585,-4834.149414,3.104197
1356.109497,-4831.488281,3.095752
1369.407959,-4826.794922,3.100098
1372.157227,-4838.162109,3.106585
1401.070923,-4843.349121,3.104387
1441.844360,-4842.342773,3.103297
1452.852295,-4849.142090,3.105577
1507.266846,-4856.515137,3.103310
1492.782471,-4913.671875,3.152689
1396.349609,-4982.255859,3.241492
1300.557617,-5001.949707,3.245707
1111.785767,-4996.303223,2.953856
856.178711,-4959.905762,2.383119
603.892212,-4780.618164,1.856855
420.239136,-4493.213379,1.607733
271.909637,-3918.193848,1.512611
221.780273,-3293.045898,1.486287
221.428772,-2687.165771,1.519337
267.436432,-2085.059814,1.555307
297.904816,-1525.457275,1.542094
291.493927,-1103.886230,1.501221
219.943665,-795.273987,1.460027
241.833389,-723.720459,1.419828
285.413239,-688.823303,1.387625
326.234711,-667.959717,1.364666
334.703674,-666.669617,1.347104
328.594147,-647.211426,1.343901
303.163696,-627.485291,1.359761
284.879517,-604.434021,1.385906
281.097961,-590.890259,1.412603
289.121948,-594.928589,1.425769
304.809204,-609.896729,1.414965
323.477386,-620.390198,1.390799
333.038177,-636.277222,1.374636
345.200104,-636.888672,1.370827
356.770294,-634.253174,1.368212
348.160706,-629.696533,1.368125
336.259064,-639.631958,1.384336
324.873077,-648.887207,1.413848
301.938751,-678.084106,1.441540
279.138153,-724.442078,1.468743
274.499146,-771.382812,1.492080
256.483582,-815.491760,1.501393
247.150986,-833.540588,1.502340
244.129974,-817.198547,1.508187
242.204666,-795.143677,1.512809
249.728073,-755.546631,1.510239
251.477005,-712.850464,1.490106
243.894165,-665.853882,1.461430
253.456970,-619.870972,1.434844
279.033997,-588.960693,1.416908
301.397156,-566.211975,1.410404
316.068909,-552.898071,1.414637
314.465820,-557.643799,1.423256
322.316406,-555.426147,1.431475
329.406952,-566.853455,1.435004
326.399384,-572.405945,1.428499
312.609192,-578.952576,1.417906
292.778320,-591.008789,1.411183
281.622467,-596.278198,1.404899
294.636871,-584.955933,1.389364
296.377991,-543.357422,1.374947
292.779297,-508.822784,1.371946
300.935272,-464.461060,1.385439
318.103699,-396.114899,1.410762
336.699036,-316.741455,1.424996
343.964264,-236.825226,1.420890
334.190308,-174.006638,1.415712
324.298981,-153.305450,1.404524
316.668884,-128.251465,1.384703
317.408630,-101.693298,1.368990
321.747284,-88.706192,1.363113
324.392609,-77.314766,1.365084
323.570038,-76.024796,1.367767
334.279510,-77.875946,1.368639
342.672913,-82.893906,1.373177
350.961578,-77.011925,1.383070
344.864349,-77.735886,1.386322
333.727692,-79.424683,1.387517
333.969177,-83.239365,1.386649
341.065552,-88.697060,1.383720
337.845215,-91.436523,1.377345
343.743103,-92.159050,1.376146
347.568329,-95.516251,1.382194
357.441437,-101.750328,1.392255
366.620605,-103.145683,1.398949
371.147888,-104.580994,1.400028
381.287292,-93.307487,1.397165
391.988312,-90.752068,1.391561
404.116547,-70.312370,1.388993
411.608521,-46.969406,1.390534
413.152985,-25.948158,1.402503
412.751160,-3.123563,1.420164
408.631775,19.227333,1.416514
400.450806,29.623072,1.383866
389.716003,44.435619,1.349051
365.151215,37.082470,1.338888
354.401459,26.659332,1.347295
348.747101,23.790968,1.353902
350.035522,26.621962,1.350149
359.917297,23.520090,1.348356
360.806458,24.985924,1.352367
364.422028,25.246284,1.352964
377.158020,25.557554,1.343480
382.328766,26.337185,1.331330
383.920227,28.631662,1.329388
389.864410,25.499300,1.333736
386.833008,24.576826,1.333692
379.714172,20.478941,1.330941
375.044678,10.899346,1.335845
376.292847,6.151548,1.340212
372.980652,1.253788,1.333851
384.780823,-2.824933,1.323526
389.461121,-10.162960,1.336334
403.667236,-20.773083,1.373784
408.758667,-27.742990,1.401757
404.379028,-39.829960,1.403651
388.420197,-45.292885,1.395030
375.270477,-41.730034,1.393129
356.688477,-37.063484,1.402138
348.302551,-33.180904,1.411803
344.743500,-24.249426,1.411467
363.898346,-19.060539,1.406170
383.474945,-4.439887,1.401247
396.336365,0.287505,1.393338
394.932251,-3.419347,1.384298
392.954803,-5.813110,1.380626
375.173859,-2.888302,1.382633
350.387695,5.023044,1.379490
318.367828,13.460632,1.372146
264.887146,15.388140,1.374279
202.571594,27.791716,1.394470
134.515839,32.785728,1.410249
72.713417,26.651485,1.397726
33.684807,23.574562,1.374565
6.849200,10.606771,1.366118
-16.254509,4.700486,1.365697
-21.513269,7.208549,1.366842
-26.796576,12.534492,1.370417
-22.413929,24.580044,1.381140
-20.167568,33.942013,1.393478
-24.829319,26.356810,1.394747
-21.369724,27.672474,1.387782
-23.198368,21.978394,1.393161
-33.885887,18.969067,1.405356
-34.647171,6.836959,1.411505
-43.618607,-13.244501,1.410422
-51.372211,-26.781782,1.409861
-50.138672,-29.852074,1.412452
-54.481205,-40.092819,1.415663
-45.473122,-44.356739,1.419670
-32.828732,-39.118729,1.422498
-29.722967,-31.989586,1.427363
-30.070261,-28.381725,1.429929
-147.922974,6.717434,1.410814
-207.513733,2.769073,1.382215
-437.802795,35.967587,1.384305
-702.161377,66.003242,1.456855
-794.067749,64.090012,1.574004
-914.151611,63.665489,1.664923
-968.997864,83.016998,1.692516
-809.477966,58.001820,1.632243
-647.192322,66.800835,1.507765
-343.441803,41.462009,1.418208
-115.433128,22.248758,1.398403
-128.601700,36.861320,1.394918
-124.582047,58.729362,1.395685
-112.847572,57.618744,1.396938
-98.579437,68.558968,1.387129
-73.892967,76.979355,1.371328
-34.501354,88.242760,1.363265
6.613733,95.351044,1.356997
51.862579,96.998253,1.348498
89.418106,91.847816,1.348130
127.385735,93.096786,1.349689
152.192596,88.556519,1.347383
164.845505,85.038696,1.344472
167.821533,84.705132,1.348243
169.678574,83.278961,1.351057
170.894043,74.723099,1.352198
177.320786,74.628136,1.350557
175.001923,72.361809,1.349305
175.860321,82.514862,1.346514
176.087921,82.930634,1.342404
157.003876,78.393311,1.337313
142.249115,75.617104,1.340210
122.363510,65.035889,1.345479
86.667946,52.528915,1.342537
55.929058,74.706375,1.349651
23.306793,83.935608,1.367852
-15.904254,107.073143,1.371784
-42.563049,130.030212,1.321096
-66.393494,153.415756,1.238430
-79.314461,187.713654,1.182170
-74.113075,221.302399,1.179800
-69.889503,223.872772,1.196375
-59.821869,239.468384,1.223877
-45.559948,272.159607,1.249408
-8.593472,330.126312,1.264267
34.072681,410.627411,1.267755
69.792892,469.029663,1.273396
93.326996,450.634094,1.276219
118.491280,424.377808,1.262905
138.699020,380.049622,1.212922
160.208618,327.114471,1.150522
166.471954,250.776123,1.122101
167.975510,171.963028,1.135951
156.407608,135.107590,1.148589
140.369720,188.856598,1.150316
118.834366,243.680099,1.158563
93.042191,293.800110,1.174658
83.625572,321.061920,1.190410
81.471428,340.928253,1.195269
83.581345,356.098694,1.190643
90.246567,342.994141,1.177034
97.938370,304.714142,1.165231
99.383293,257.270508,1.173643
95.809608,183.170013,1.231943
82.879326,84.538734,1.327013
65.965530,-2.753622,1.406971
49.159237,-82.950897,1.442728
38.317638,-114.689354,1.457027
35.748077,-122.632767,1.463552
36.177982,-123.331009,1.462252
37.310032,-121.744110,1.461243
38.845203,-122.591911,1.458643
30.492409,-133.231918,1.453248
23.810867,-139.259827,1.452912
25.250622,-148.933701,1.454705
22.636358,-146.612518,1.450223
18.704592,-154.191635,1.444281
21.198799,-152.925308,1.438449
20.707512,-149.219208,1.435081
28.318905,-146.252487,1.441756
32.444592,-136.502869,1.451265
43.657803,-131.585526,1.460958
45.872200,-126.052017,1.464983
60.566093,-109.956223,1.457907
75.633522,-96.049370,1.447190
93.349525,-75.797951,1.433573
106.217644,-59.824764,1.415407
119.965416,-52.573563,1.403971
121.071228,-46.289822,1.409610
134.148300,-46.699276,1.416730
141.780563,-47.757755,1.415483
147.685333,-52.459431,1.410551
149.609543,-58.882423,1.409425
158.972992,-66.407074,1.410999
160.305847,-73.015381,1.410619
163.187408,-73.440460,1.410906
161.370346,-81.186813,1.420583
152.653687,-89.834747,1.437784
146.880798,-96.911392,1.442051
140.714966,-108.920578,1.432028
135.811737,-117.539421,1.428300
130.901733,-139.505173,1.443164
127.894112,-157.806458,1.456391
122.002022,-171.145935,1.453892
125.904465,-175.477188,1.446775
126.580261,-185.285843,1.444087
126.040878,-192.677795,1.450140
121.720619,-207.731705,1.456296
114.082794,-207.708450,1.462173
107.857147,-214.645233,1.462860
112.770256,-212.348740,1.457435
114.513565,-206.738174,1.450172
124.970505,-201.618744,1.453247
129.904648,-199.298706,1.460019
134.164948,-187.412628,1.466764
144.999847,-175.704697,1.468886
141.874924,-170.640823,1.471364
134.004059,-167.304581,1.472492
126.933609,-171.459366,1.467415
111.063629,-157.257248,1.465899
101.768776,-141.978394,1.469885
86.807877,-131.060074,1.462203
79.395294,-124.306854,1.443498
83.119087,-109.125153,1.426580
82.744888,-100.915558,1.420831
79.448822,-93.576874,1.432032
80.822983,-103.780823,1.454125
78.192780,-115.770233,1.474095
81.126213,-128.606766,1.477434
74.934715,-137.179825,1.474362
66.101410,-144.354187,1.467361
64.205528,-147.330139,1.462046
67.619133,-142.078522,1.460505
65.827446,-127.068298,1.461341
67.671860,-113.481659,1.460310
64.339691,-106.901649,1.466029
65.233795,-105.229256,1.466196
61.323448,-104.790833,1.459480
53.219730,-111.781189,1.453169
46.528717,-124.650963,1.458838
47.967041,-131.809692,1.465871
47.060837,-134.626801,1.464813
56.904564,-128.765579,1.458253
59.401665,-127.534081,1.456565
68.763168,-127.752525,1.458909
75.087685,-124.570366,1.462654
77.893417,-123.363731,1.458332
76.687271,-126.063805,1.447338
84.599190,-126.270042,1.442177
96.012459,-123.399788,1.450262
116.889763,-120.674744,1.461392
136.610443,-123.280434,1.465503
160.698273,-122.024483,1.466153
188.360443,-120.603020,1.463897
216.908936,-118.423004,1.462015
235.314285,-122.829712,1.467630
236.852280,-125.827072,1.477410
234.643677,-126.904762,1.480043
234.245316,-126.081238,1.473087
226.845413,-125.869560,1.469253
218.071899,-121.038612,1.463531
207.192566,-118.241219,1.447520
199.221252,-109.941490,1.435945
190.111145,-107.000717,1.439218
174.881622,-100.543320,1.444350
161.787781,-103.502907,1.443923
150.148270,-107.975830,1.432201
135.877014,-113.892303,1.421796
127.753403,-118.483383,1.420759
117.758606,-121.667717,1.421048
113.483727,-124.637115,1.424412
119.363190,-124.893456,1.436263
119.907837,-122.921951,1.450985
116.562386,-125.218796,1.465695
119.562248,-127.500282,1.464264
114.337997,-137.402084,1.442785
110.584862,-153.104675,1.424530
102.829071,-177.923401,1.419948
91.892441,-196.118362,1.422442
83.268394,-207.447037,1.419836
80.974289,-210.026566,1.418836
72.785194,-209.159927,1.425489
72.916840,-197.017014,1.437559
74.203026,-172.217957,1.443205
76.328812,-141.523315,1.449227
80.701012,-115.362595,1.448460
79.491257,-78.538498,1.441057
76.388512,-62.326702,1.431961
77.314049,-50.959663,1.422865
72.380455,-47.509548,1.420296
76.142670,-45.081894,1.428983
82.734039,-45.512157,1.437939
86.618759,-45.628738,1.438851
99.285439,-53.973022,1.427236
114.819984,-45.745903,1.406638
127.620934,-38.010838,1.391968
133.028320,-33.537727,1.387028
125.840584,-31.092241,1.383331
118.778275,-30.943298,1.383152
116.586037,-34.131763,1.392202
110.935455,-31.089622,1.406947
111.355614,-33.319454,1.412087
107.208138,-29.181456,1.404632
109.084389,-28.984669,1.395615
107.832169,-29.747829,1.394121
103.829597,-30.150188,1.400361
97.951378,-27.023121,1.409454
102.908928,-19.220875,1.407753
114.330406,-12.678770,1.394900
128.242828,-8.969540,1.384006
135.263428,-8.564646,1.385993
142.161682,-11.568015,1.394919
147.924240,-6.714536,1.397984
149.908356,-3.063822,1.393235
147.051559,-12.023239,1.392859
146.703979,-17.036709,1.393398
144.287460,-22.210493,1.388748
142.858475,-21.806271,1.386007
142.395203,-24.982548,1.388551
141.196762,-26.235100,1.388936
138.336319,-28.393230,1.389085
137.740936,-29.227249,1.391079
140.807205,-35.590446,1.391837
147.001099,-42.794987,1.389511
156.236633,-45.133255,1.384498
157.001190,-42.704048,1.380952
154.522217,-44.857323,1.384286
147.595200,-45.673744,1.396242
143.739716,-42.779194,1.405605
131.411224,-37.153095,1.406402
131.466354,-29.244957,1.400237
126.781967,-28.326050,1.398934
113.109467,-31.188400,1.407424
95.797119,-37.594810,1.415059
78.055016,-49.344852,1.417125
51.420464,-63.234741,1.411744
33.626556,-72.198257,1.399274
12.399671,-81.207382,1.383690
-0.140619,-92.594215,1.381637
12.603550,-91.697250,1.391211
19.540659,-87.105797,1.398576
28.934280,-82.507324,1.394354
44.458168,-70.808922,1.382817
55.134575,-74.099907,1.370057
60.495167,-72.010025,1.365482
59.967739,-64.209702,1.370228
45.422279,-61.988720,1.369702
41.380444,-60.411842,1.365696
39.537846,-54.354664,1.360144
33.331470,-55.664490,1.363298
33.026901,-47.224247,1.371168
29.307251,-52.220791,1.379275
24.574116,-48.030251,1.384788
22.599108,-52.184147,1.387118
15.643416,-48.290359,1.382420
10.593878,-41.999130,1.380787
11.682583,-39.557182,1.384979
9.909846,-37.168457,1.390226
13.542069,-26.838587,1.389613
26.200121,-27.178303,1.390681
32.018051,-19.803442,1.389437
29.903746,-10.864403,1.374357
32.706409,-15.720263,1.357891
33.151989,-11.071312,1.356286
33.586769,-15.183082,1.362809
35.020351,-20.577051,1.365683
31.359449,-24.997715,1.368184
28.566620,-19.005428,1.374451
33.359272,-25.359884,1.387707
36.055344,-23.321083,1.392745
34.290237,-29.436996,1.388149
37.073032,-29.856510,1.378285
36.596107,-34.410797,1.375805
30.162674,-31.120937,1.380131
25.357922,-37.712540,1.382858
17.639641,-33.578060,1.376454
17.174767,-36.952492,1.370177
19.291887,-35.492645,1.365909
25.634171,-35.340736,1.364464
40.085003,-34.851723,1.372659
55.634377,-39.411064,1.381178
64.813705,-40.113182,1.390313
72.661880,-43.029686,1.401649
69.491501,-33.878941,1.404369
64.834991,-33.071236,1.397444
56.681911,-26.154400,1.391747
48.665104,-15.544967,1.390013
41.457752,-10.109485,1.390929
35.010036,-9.038916,1.391652
24.058884,-12.201020,1.389178
23.872637,-35.163731,1.386259
29.171467,-63.277412,1.376438
27.009872,-88.018616,1.366600
28.213608,-124.562500,1.361421
31.096445,-155.526428,1.361421
34.242813,-181.744965,1.359449
34.622143,-188.068542,1.362346
22.032234,-169.590942,1.369926
6.727847,-136.384201,1.379653
-4.079138,-116.105103,1.381356
-14.064291,-94.393288,1.375206
-26.181139,-87.336700,1.363840
-29.532314,-79.490067,1.361272
-29.566303,-80.000259,1.371058
-28.773188,-83.330940,1.383655
-22.228197,-84.277603,1.382696
-9.007263,-101.892143,1.372434
7.284287,-124.404121,1.366433
17.721596,-141.678711,1.369869
33.244259,-166.354645,1.376714
46.897369,-194.394638,1.386415
51.466854,-212.066559,1.391357
54.915108,-220.260681,1.390829
53.771988,-215.292221,1.389561
50.751862,-214.355560,1.391038
56.798618,-230.378571,1.394189
53.500446,-245.503754,1.401574
48.562557,-254.142792,1.408146
56.167000,-264.224152,1.407137
61.891304,-269.144775,1.395820
49.925461,-254.176483,1.381609
34.129997,-230.106461,1.374608
27.630779,-206.684601,1.373855
17.803944,-188.599716,1.374572
23.197018,-179.560364,1.377461
22.956598,-177.923340,1.383626
16.951048,-174.206223,1.384267
17.941275,-169.359116,1.378865
22.985949,-174.987335,1.377735
20.667080,-163.181488,1.383983
-157.151321,-108.813568,1.402364
-212.935486,31.257938,1.368937
-312.257996,192.072540,1.287739
-1391.086060,1383.270142,1.253112
-2478.008057,2575.624023,1.395065
-2721.030518,2925.102295,1.546661
-3275.980225,3596.819824,1.231810
-3550.494141,4026.423340,0.554940
-3463.393799,3779.896729,0.427029
-2863.618896,3009.073242,0.930158
-1239.570068,1194.752319,1.315008
27.985523,-154.948395,1.380948
27.136650,-153.504105,1.390543
22.593338,-158.014496,1.398295
10.789738,-155.756500,1.396955
6.390421,-154.351685,1.393475
-0.554758,-153.325684,1.393348
-7.961560,-153.965103,1.396538
-14.610258,-155.960861,1.393570
-28.780323,-157.560379,1.385267
-47.784981,-159.921463,1.379624
-47.714249,-159.358353,1.378876
-93.025581,-160.702667,1.381846
301.152100,-6.599308,1.491981
274.118713,-14.600739,1.502977
319.385498,33.306870,1.304682
468.124451,94.650284,0.732398
514.904175,135.130554,0.360343
713.297363,129.320633,0.800824
943.873657,123.930832,1.486739
1027.653809,-21.094904,1.444809
1769.799194,114.117271,0.500852
2840.097656,236.504150,-0.880792
3178.681152,298.307129,-1.821102
3488.746094,371.874817,-1.889185
3309.666748,409.078033,-1.572701
2717.557861,338.011017,-0.699685
1788.611694,223.177368,0.470303
877.327148,33.812241,1.244811
-4.513539,-90.434143,1.369571
10.896729,-86.108017,1.362849
13.028399,-80.471405,1.359059
9.640126,-80.995789,1.358665
7.333467,-83.405205,1.363006
5.588257,-88.174164,1.369121
3.064795,-87.733231,1.376757
-1.109599,-87.146164,1.381240
-11.924779,-84.521980,1.382691
-14.835492,-88.064827,1.379725
-20.123070,-85.826004,1.376718
-23.917152,-82.891426,1.372287
-18.656775,-92.717720,1.363010
-13.329113,-108.665833,1.360998
-7.947054,-124.358398,1.367166
7.006710,-145.211975,1.374811
20.696302,-160.971573,1.379933
32.805031,-185.786240,1.381558
36.560207,-192.535049,1.376243
31.861477,-193.116547,1.365668
34.481171,-190.629456,1.355332
39.888229,-186.790131,1.355258
38.666862,-193.184387,1.360889
33.341518,-195.887451,1.370309
37.411240,-194.948807,1.383090
49.049271,-209.716812,1.395983
66.485168,-208.377380,1.400888
75.511124,-207.721970,1.397242
94.674873,-202.420715,1.387789
118.123154,-183.361145,1.383458
144.731995,-174.592529,1.386737
158.883926,-166.866684,1.392009
164.582047,-167.024277,1.396022
159.189346,-174.611862,1.394602
165.688843,-178.803024,1.385530
161.850815,-193.199524,1.380425
164.552628,-207.841812,1.386923
165.336670,-222.172913,1.394033
168.060364,-229.862823,1.393795
169.281784,-222.728439,1.382661
170.930099,-208.912048,1.373778
167.175797,-190.538910,1.380772
163.946716,-162.927429,1.389559
160.964310,-134.983353,1.384172
157.115891,-103.480240,1.377378
145.547760,-84.783699,1.379766
137.919327,-66.011978,1.386470
134.566528,-59.015354,1.393059
127.543053,-59.925869,1.394270
122.412834,-62.484478,1.391503
111.535095,-67.779579,1.388406
66.952118,-72.963333,1.389520
45.665070,-73.351921,1.392119
9.013514,-81.477341,1.397940
-37.330467,-84.175598,1.401299
-64.000526,-80.844154,1.400501
-70.720734,-73.572952,1.396031
-51.141155,-69.379021,1.391935
12.330162,-68.627266,1.383730
47.726192,-57.837830,1.378708
74.926575,-49.074501,1.377775
98.863556,-46.258095,1.378932
105.120644,-50.402832,1.376311
110.742020,-67.653099,1.369005
120.574532,-76.938416,1.366021
129.920715,-82.013313,1.376862
147.357834,-94.514343,1.389193
173.902405,-97.730621,1.392920
188.147919,-110.693817,1.388894
198.809296,-116.164978,1.384937
199.391464,-115.412231,1.381343
183.238556,-118.663376,1.375798
166.854004,-116.312782,1.370027
150.045547,-104.894394,1.370574
142.485764,-97.248482,1.376145
158.483536,-83.350655,1.380288
171.188004,-81.885315,1.377970
184.166336,-83.606461,1.371097
198.557190,-84.728058,1.366269
218.172623,-94.146187,1.367867
226.741119,-92.497093,1.368381
231.431793,-91.958611,1.368700
227.766418,-95.881996,1.372727
223.293335,-94.301888,1.381205
212.045868,-90.384048,1.387974
197.462738,-86.743515,1.386795
178.516586,-76.678123,1.375307
173.323502,-80.230095,1.365625
172.845123,-82.021255,1.363398
176.854675,-82.327202,1.363605
187.285812,-87.122543,1.361308
194.849060,-95.323273,1.365646
205.605728,-91.794502,1.370657
207.906021,-89.732674,1.369724
207.291977,-81.540253,1.364136
209.733597,-81.774467,1.362698
206.128998,-77.489441,1.359871
197.869049,-69.236076,1.360920
195.847824,-60.126625,1.361847
190.794434,-71.704643,1.362116
189.017120,-69.591331,1.357474
190.414536,-73.236237,1.357217
184.109619,-69.155304,1.366380
187.214462,-70.657494,1.377236
182.057098,-77.475739,1.376798
200.844131,-83.722542,1.369287
244.201569,-64.100533,1.357398
323.792542,79.430321,1.323804
374.597290,317.018494,1.284921
426.134644,621.576050,1.329355
482.164185,1005.261658,1.615198
543.054138,1420.169067,2.132967
548.168884,1841.987793,2.631732
512.053467,2173.855957,2.895961
459.651855,2294.728027,2.961712
464.016113,2287.703125,2.944401
500.071808,2258.682129,2.925293
531.271851,2233.550537,2.923841
529.373657,2245.310547,2.935874
520.156860,2252.776123,2.956139
508.872314,2268.654297,2.967854
509.423340,2272.970459,2.959894
523.042175,2280.295898,2.946608
529.779053,2281.161377,2.941870
529.694763,2284.652100,2.944721
531.880859,2284.157959,2.951173
518.122437,2282.991943,2.957554
524.254761,2274.942139,2.958959
526.674133,2269.365723,2.950045
535.640869,2266.082275,2.943460
548.855774,2255.880615,2.944824
548.202148,2254.965820,2.944347
547.337891,2255.526123,2.941713
557.563232,2253.721924,2.943576
559.714294,2250.917725,2.947379
561.308777,2257.489746,2.947759
565.316895,2260.888428,2.944876
571.701294,2271.045410,2.941580
567.773560,2280.838379,2.943887
555.361267,2286.531738,2.944854
534.184875,2292.992432,2.940005
513.356506,2298.156250,2.941524
503.507233,2299.244385,2.957932
479.263763,2296.210938,2.972533
469.375702,2295.351318,2.970832
445.766113,2348.666016,3.222158
341.478088,2412.104004,3.463156
86.026733,2497.821289,3.141663
-162.149063,2631.194580,1.398124
-463.671539,2783.376465,-1.021775
-816.270020,2944.851562,-2.311260
-1170.692749,3085.596191,-2.119244
-1402.850586,3167.861084,-1.884202
-1481.404663,3252.230469,-1.851739
-1381.054688,3320.890625,-1.858185
-1351.733032,3347.536865,-1.864686
-1342.973877,3361.816650,-1.876078
-1337.946045,3365.647949,-1.885021
-1331.188110,3366.860596,-1.881217
-1347.886841,3365.531006,-1.872851
-1341.114380,3366.943848,-1.866824
-1346.944946,3363.062256,-1.866068
-1335.868286,3371.928223,-1.864700
-1339.744751,3374.188965,-1.869715
-1329.474854,3375.093994,-1.874353
-1334.567505,3372.636475,-1.871399
-1333.923950,3376.187744,-1.861788
-1342.772827,3368.818848,-1.859513
-1338.967041,3368.430176,-1.863697
-1324.450928,3362.568115,-1.871606
-1299.945312,3367.501709,-1.877475
-1304.515381,3363.842041,-1.881638
-1292.218262,3369.929199,-1.879949
-1318.826294,3355.825928,-1.878523
-1341.528809,3366.443604,-1.874770
-902.291382,3917.597656,-1.868521
-1108.286621,4536.997070,-1.896601
-1389.856445,5113.110352,-1.940462
-1590.609619,5428.058594,-1.938159
-1754.094849,5612.127930,-1.718697
-2114.596191,5533.575684,-1.263647
-2490.105225,5006.791504,-0.759182
-3004.749023,3687.568848,-0.443026
-2691.316406,2414.204102,-0.323861
-2173.185303,1570.638672,-0.317756
-1778.129150,1446.803711,-0.304289
-1719.254639,1571.055786,-0.283187
-1669.743408,1716.143433,-0.257919
-1688.753418,1770.213501,-0.252213
-1757.990234,1788.823853,-0.266965
-1752.961182,1785.801758,-0.281918
-1755.491333,1788.599121,-0.275089
-1761.134155,1769.973633,-0.259116
-1761.947876,1759.918701,-0.250986
-1762.802246,1745.526245,-0.251510
-1745.051636,1752.389404,-0.243988
-1733.613037,1756.274902,-0.237417
-1727.528442,1752.862305,-0.236646
-1720.947388,1753.475220,-0.240298
-1714.522827,1763.657227,-0.239200
-1716.391113,1763.409912,-0.231405
-1712.739014,1764.423218,-0.223660
-1713.159912,1761.892090,-0.230792
-1703.628784,1763.615601,-0.244955
-1703.258545,1776.507080,-0.252975
-1703.315552,1779.565918,-0.254497
-1704.631104,1771.483765,-0.255857
-1701.018799,1767.075195,-0.251559
-1706.537598,1759.850830,-0.243281
-1706.650879,1765.347046,-0.235595
-1709.273315,1765.150391,-0.233733
-1701.785522,1756.471558,-0.234669
-1695.636230,1751.462769,-0.242061
-1696.422485,1743.627441,-0.257443
-1678.455322,1745.804321,-0.264047
-1679.479248,1745.165161,-0.255630
-1696.823730,1723.694092,-0.242675
-1708.968384,1713.510742,-0.241838
-1715.302368,1703.068604,-0.247222
-1722.364014,1693.091675,-0.241474
-1727.791748,1689.570435,-0.220770
-1740.427979,1685.277466,-0.204635
-1738.750854,1682.387085,-0.205398
-1727.262817,1694.335815,-0.216554
-1714.418701,1704.401367,-0.230262
-1708.122437,1714.176392,-0.236373
-1695.790161,1716.692627,-0.226914
-1689.833496,1718.235840,-0.217739
-1681.839722,1725.656494,-0.228190
-1675.165527,1744.718628,-0.243475
-1672.968872,1758.191772,-0.250106
-1674.923584,1767.137817,-0.253189
-1676.480103,1773.982056,-0.256632
-1681.690918,1787.651001,-0.255218
-1689.661499,1794.897705,-0.249122
-1709.142944,1786.693359,-0.249324
-1709.492798,1781.803589,-0.254910
-1708.242920,1778.762939,-0.255992
-1712.209961,1775.053223,-0.249265
-1701.833496,1774.361206,-0.238774
-1706.761475,1769.567505,-0.232315
-1704.416626,1770.488647,-0.228272
-1696.401611,1772.259277,-0.234614
-1693.099365,1775.422729,-0.247121
-1685.906250,1774.939331,-0.249245
-1678.613037,1775.213379,-0.239544
-1695.826294,1773.532959,-0.237557
-1692.805420,1777.104858,-0.241778
-1692.872437,1769.915527,-0.244571
-1703.575439,1756.036255,-0.240614
-1723.695679,1738.519897,-0.243748
-1733.748657,1733.391724,-0.244992
-1746.011597,1730.738403,-0.229839
-1747.761230,1729.910645,-0.211695
-1755.254639,1727.265869,-0.217247
-1756.522949,1730.279053,-0.236333
-1746.340454,1740.544678,-0.249723
-1724.951904,1749.332397,-0.248187
-1730.739624,1740.040039,-0.238145
-1732.630249,1725.723389,-0.232923
-1737.719238,1711.085815,-0.238179
-1736.933228,1699.061768,-0.239970
-1721.507812,1698.521973,-0.231124
-1713.257202,1694.917969,-0.218276
-1715.798340,1690.965820,-0.215970
-1705.094727,1700.878052,-0.227829
-1690.888916,1719.254517,-0.245464
-1679.951904,1732.966309,-0.256567
-1665.649658,1749.577026,-0.255849
-1670.108521,1746.479004,-0.254136
-1662.387329,1748.890991,-0.255636
-1644.507812,1754.234741,-0.262029
-1633.068604,1759.159546,-0.263990
-1645.622314,1749.204468,-0.264122
-1653.998535,1753.598267,-0.266977
-1678.140991,1743.769043,-0.274771
-1694.396729,1749.322144,-0.268258
-1719.522827,1746.498779,-0.254375
-1739.732422,1743.413452,-0.249574
-1870.149658,1730.789185,-0.270468
-1854.618896,1734.744385,-0.279545
-1872.538452,1736.111572,-0.254463
-1909.968018,1741.632324,-0.170594
-1936.139160,1722.502930,-0.112264
-1925.581299,1724.571655,-0.147909
-1889.897217,1719.033203,-0.223794
-1744.946533,1722.967529,-0.238283
-1743.610596,1730.990234,-0.233835
-1745.290771,1731.404785,-0.235392
-1739.805664,1741.699951,-0.243598
-1731.638184,1766.611084,-0.254937
-1724.056641,1771.539917,-0.267815
-1727.917847,1771.723755,-0.275266
-1727.985352,1779.614990,-0.269255
-1739.889404,1767.014160,-0.258569
-1744.086914,1766.603516,-0.245480
-1751.333130,1760.130981,-0.236299
-1751.068726,1756.750977,-0.232167
-1750.066406,1761.209351,-0.239286
-1736.511719,1767.949463,-0.248265
-1724.382568,1770.972168,-0.254376
-1715.034790,1781.017700,-0.258772
-1709.007202,1784.128174,-0.260734
-1702.770020,1787.733276,-0.262803
-1693.391113,1793.211914,-0.266157
-1685.477173,1797.975220,-0.267242
-1692.222046,1800.702026,-0.266577
-1695.847046,1797.988281,-0.270141
-1696.800903,1797.617676,-0.272464
-1700.143433,1792.395752,-0.264797
-1708.943726,1788.240234,-0.253138
-1713.694336,1788.432129,-0.251014
-1711.846069,1787.924316,-0.260850
-1691.964355,1798.645996,-0.267495
-1690.545410,1807.521606,-0.269073
-1691.703247,1802.073608,-0.270448
-1686.232910,1799.611328,-0.272707
-1676.951782,1802.350586,-0.269363
-1677.087402,1800.472168,-0.262299
-1670.069336,1803.866943,-0.261177
-1671.338989,1813.633301,-0.270543
-1685.807617,1800.043457,-0.280283
-1715.270508,1761.211182,-0.281893
-1760.432983,1697.015259,-0.280873
-1782.392090,1670.914307,-0.265539
-1801.348145,1635.568848,-0.233866
-1828.721924,1574.383179,-0.205770
-1829.725708,1552.297729,-0.217795
-1797.006104,1583.899658,-0.260480
-1782.975098,1628.071533,-0.289619
-1806.215210,1662.529907,-0.281319
-1862.444824,1643.050171,-0.271110
-1916.946777,1633.708252,-0.265647
-1952.553711,1659.118774,-0.251830
-1957.811890,1679.374512,-0.235463
-1966.218872,1680.117798,-0.236676
-1953.368286,1685.245361,-0.243043
-1930.885864,1700.478271,-0.249784
-1923.276245,1700.643188,-0.260174
-1919.074951,1702.605469,-0.264427
-1914.680664,1703.763428,-0.256783
-1923.498291,1692.480103,-0.251705
-1931.114014,1694.719604,-0.254108
-1932.903687,1702.273926,-0.257077
-1926.901245,1709.635010,-0.256819
-1919.403320,1725.143066,-0.258618
-1909.767944,1721.575073,-0.265126
-1902.862549,1722.324463,-0.272392
-1901.456421,1719.758667,-0.276391
-1894.140137,1716.335083,-0.268846
-1890.395264,1714.961426,-0.260918
-1891.258789,1701.185181,-0.264137
-1884.157837,1701.179932,-0.274430
-1881.595581,1706.745361,-0.276800
-1885.974487,1700.114746,-0.272980
-1879.510254,1708.257324,-0.270342
-1875.523560,1706.609009,-0.272502
-1875.528320,1712.657715,-0.268118
-1869.674316,1721.268799,-0.265130
-1875.007080,1714.903809,-0.275092
-1869.533203,1723.547974,-0.283107
-1869.388794,1725.602295,-0.282594
-1875.040771,1720.751221,-0.284036
-1885.374512,1713.183350,-0.287997
-1889.393555,1699.005615,-0.281734
-1889.037109,1691.861328,-0.267636
-1892.258789,1691.094727,-0.258812
-1886.413452,1688.744751,-0.259791
-1873.558472,1700.204712,-0.264782
-1862.467285,1707.467651,-0.270322
-1852.531860,1712.552734,-0.274881
-1855.775391,1714.294067,-0.276294
-1862.955078,1715.252563,-0.274482
-1851.113403,1717.875610,-0.270671
-1865.628540,1705.146973,-0.272848
-1868.274902,1694.172974,-0.278063
-1873.383545,1686.979004,-0.282633
-1879.228271,1682.584473,-0.277483
-1883.627441,1678.908203,-0.262824
-1882.705811,1680.567261,-0.255709
-1895.861084,1677.992554,-0.259664
-1890.793213,1695.183594,-0.262418
-1900.684448,1709.323730,-0.261669
-1906.978760,1715.861450,-0.263343
-1907.926636,1720.827393,-0.260948
-1912.602661,1715.052246,-0.254654
-1906.350220,1702.750000,-0.252256
-1900.260620,1698.116577,-0.256300
-1901.702759,1688.387207,-0.260893
-1894.159546,1688.295288,-0.258634
-1902.566528,1682.906250,-0.254250
-1906.651489,1682.572754,-0.250878
-1897.439819,1687.149902,-0.250120
-1906.059570,1691.374756,-0.253661
-1907.400146,1693.318115,-0.262352
-1915.459717,1698.221313,-0.269588
-1926.952148,1696.666870,-0.269947
-1930.218750,1706.015625,-0.257000
-1945.758911,1696.657104,-0.246514
-1957.536499,1696.281982,-0.246117
-1958.336304,1696.290527,-0.254216
-1944.378662,1703.935059,-0.259165
-1935.082764,1702.485840,-0.257116
-1925.734131,1699.174194,-0.250669
-1917.795654,1701.205200,-0.249589
-1904.804565,1707.276123,-0.251257
-1893.249756,1712.359253,-0.257790
-1882.694092,1725.885254,-0.271580
-1878.145630,1730.074219,-0.283699
