1328213958433
1328213958828
1328213959225
1328213959583
1328213959938
1328213960311
1328213960671
1328213961038
1328213961430
1328213961806
1328213962211
1328213962573
1328213962934
1328213963310
1328213963670
1328213964110
1328213964478
1328213964881
1328213965238
1328213965601
1328213966047
1328213966388
1328213966770
1328213967125
1328213967571
1328213967930
1328213968296
1328213968676
1328213969024
1328213969385
1328213969745
1328213970111
1328213970469
1328213970871
1328213971248
1328213971662
1328213972038
1328213972388
1328213972806
1328213973168
1328213973564
1328213973941
1328213974330
1328213974707
1328213975123
1328213975478
1328213975837
1328213976227
1328213976590
1328213976958
1328213977333
1328213977703
1328213978112
1328213978461
1328213978822
1328213979214
1328213979573
1328213979936
1328213980331
1328213980701
1328213981103
1328213981465
1328213981808
1328213982203
1328213982561
1328213982937
1328213983311
1328213983673
1328213984030
1328213984418
1328213984791
1328213985148
1328213985511
1328213985867
1328213986242
1328213986626
1328213986993
1328213987401
1328213987773
1328213988136
1328213988501
1328213988863
1328213989227
1328213989610
1328213989988
1328213990418
1328213990817
1328213991298
1328213991693
1328213992074
1328213992445
1328213992804
1328213993171
1328213993544
1328213993911
1328213994326
1328213994690
1328213995060
1328213995428
1328213995803
1328213996276
1328213996643
1328213997008
1328213997372
1328213997720
1328213998101
1328213998466
1328213999450
1328213999834
1328214000204
1328214000567
1328214000945
1328214001277
1328214001637
1328214002004
1328214002363
1328214002720
1328214003084
1328214003463
1328214003856
1328214004242
1328214004589
1328214004947
1328214005350
1328214005720
1328214006083
1328214006454
1328214006832
1328214007251
1328214007622
1328214011010
1328214011357
1328214011721
1328214012110
1328214012470
1328214012833
1328214013223
1328214013592
1328214014003
1328214014382
1328214014796
1328214015154
1328214015514
1328214015893
1328214016283
1328214016681
1328214017039
1328214017412
1328214017782
1328214018143
1328214018503
1328214018888
1328214019255
1328214019615
1328214019981
1328214020384
1328214020774
1328214021149
1328214021555
1328214021911
1328214022272
1328214022664
1328214023020
1328214023380
1328214023765
1328214024151
1328214024558
1328214024918
1328214025277
1328214025651
1328214026014
1328214026373
1328214026753
1328214027090
1328214027449
1328214027898
1328214028268
1328214028641
1328214028993
1328214029354
1328214029746
1328214030103
1328214030463
1328214030853
1328214031191
1328214031557
1328214031952
1328214032312
1328214032685
1328214033052
1328214033416
1328214033845
1328214034165
1328214034563
1328214034942
1328214035298
1328214035674
1328214036035
1328214036395
1328214036761
1328214037142
1328214037490
1328214037869
1328214038241
1328214038617
1328214039037
1328214039409
1328214039772
1328214040138
1328214040501
1328214040913
1328214041273
1328214041644
1328214042022
1328214042390
1328214042755
1328214043123
1328214043490
1328214043913
1328214044278
1328214044635
1328214045012
1328214045385
1328214045794
1328214046153
1328214046521
1328214046893
1328214047257
1328214047620
1328214048002
1328214048387
1328214048784
1328214049148
1328214049516
1328214049892
1328214050232
1328214050632
1328214050993
1328214051353
1328214051712
1328214052097
1328214052464
1328214052881
1328214053204
1328214053555
1328214053918
1328214054305
1328214054663
1328214055084
1328214055448
1328214055817
1328214056184
1328214056528
1328214056930
1328214057294
1328214057676
1328214058080
1328214061453
1328214061892
1328214062259
1328214062662
1328214063035
1328214063462
1328214063842
1328214067210
1328214067585
1328214067991
1328214068345
1328214068692
1328214069093
1328214069448
1328214069813
1328214070201
1328214070562
1328214070962
1328214071324
1328214071664
1328214072032
1328214072412
1328214072787
1328214073193
1328214073558
1328214073921
1328214074291
1328214074658
1328214075028
1328214075391
1328214075750
1328214076118
1328214076502
1328214076862
1328214077221
1328214077601
1328214077965
1328214078328
1328214078702
1328214079060
1328214079427
1328214079885
1328214080295
1328214080658
1328214081010
1328214081372
1328214081727
1328214082088
1328214082482
1328214082876
1328214083260
1328214083619
1328214083971
1328214084376
1328214084736
1328214085111
1328214085477
1328214085881
1328214086291
1328214086848
1328214087244
1328214087606
1328214088008
1328214092442
1328214092873
1328214093250
1328214093617
1328214093982
1328214094362
1328214094756
1328214095132
1328214095557
1328214095952
1328214096356
1328214096735
1328214097118
1328214097497
1328214100901
1328214101275
1328214101682
1328214102033
1328214102455
1328214102847
1328214103328
1328214104475
1328214104839
1328214105213
1328214105613
1328214105997
1328214106376
1328214106735
1328214107129
1328214107512
1328214107897
1328214108298
1328214108674
1328214109090
1328214109463
1328214109871
1328214110232
1328214110596
1328214110998
1328214111375
1328214111752
1328214112128
1328214112491
1328214112866
1328214113215
1328214113578
1328214113967
1328214114351
1328214114741
1328214115115
1328214115481
1328214115861
1328214116218
1328214116597
1328214116976
1328214117400
1328214117804
1328214118188
1328214118599
1328214119003
1328214119401
1328214119800
1328214120192
1328214120575
1328214120944
1328214121320
1328214121709
1328214122079
1328214122472
1328214122828
1328214123188
1328214123629
1328214124050
1328214124416
1328214124835
1328214125202
1328214125605
1328214125986
1328214126412
1328214126770
1328214127195
1328214127552
1328214127923
1328214128292
1328214128669
1328214129075
1328214129434
1328214129864
1328214130211
1328214130571
1328214130966
1328214131329
1328214131693
1328214132064
1328214132430
1328214132806
1328214133177
1328214133546
1328214133954
1328214134316
1328214134691
1328214135074
1328214135454
1328214135913
1328214136315
1328214136658
1328214137046
1328214137424
1328214137792
1328214138204
1328214138590
1328214139000
1328214139369
1328214139933
1328214140294
1328214140647
1328214141048
1328214141418
1328214141824
1328214142189
1328214142557
1328214142924
1328214143299
1328214143661
1328214144035
1328214144412
1328214144813
1328214145182
1328214145545
1328214145913
1328214146271
1328214149649
1328214150012
1328214150375
1328214150767
1328214151135
1328214151495
1328214151916
1328214152280
1328214152630
1328214153012
1328214153383
1328214153749
1328214154113
1328214154478
1328214154895
1328214155276
1328214155673
1328214156035
1328214156405
1328214156788
1328214157159
1328214157527
1328214157906
1328214158268
1328214158661
1328214159047
1328214159408
1328214159788
1328214160158
1328214160578
1328214160966
1328214161359
1328214161734
1328214162143
1328214162513
1328214162876
1328214163251
1328214163620
1328214164025
1328214164446
1328214164897
1328214165289
1328214165659
1328214166020
1328214166403
1328214166812
1328214167279
1328214167665
1328214168034
1328214168442
1328214168811
1328214169233
1328214170460
1328214170804
1328214171169
1328214171528
1328214171891
1328214172252
1328214172610
1328214172998
1328214173370
1328214173716
1328214174105
1328214174475
1328214174886
1328214175258
1328214175620
1328214175983
1328214176524
1328214176883
1328214177251
1328214177614
1328214177981
1328214178353
1328214178702
1328214179062
1328214179456
1328214179816
1328214180250
1328214180619
1328214181025
1328214181388
1328214181768
1328214182139
1328214182512
1328214182913
1328214183280
1328214183643
1328214184011
1328214184386
1328214184816
1328214185208
1328214185602
1328214185961
1328214186420
1328214186805
1328214187170
1328214187554
1328214187954
1328214188313
1328214188682
1328214189053
1328214189416
1328214189782
1328214190154
1328214190520
1328214190942
1328214191323
1328214191722
1328214192078
1328214192463
1328214192842
1328214193202
1328214193694
1328214194095
1328214194469
1328214194872
1328214195268
1328214195672
1328214196054
1328214196464
1328214196849
1328214197247
1328214197626
1328214198025
1328214198399
1328214198742
1328214199148
1328214199525
1328214199911
1328214200273
1328214200654
1328214201090
1328214201495
1328214201849
1328214202238
1328214202597
1328214202966
1328214203341
1328214203755
1328214204162
1328214204510
1328214204875
1328214205272
1328214205641
1328214206003
1328214206375
1328214206747
1328214207161
1328214207541
1328214207948
1328214208357
1328214208748
1328214209115
1328214209478
1328214209846
1328214210210
1328214210621
1328214210996
1328214211355
1328214211788
1328214212193
1328214212576
1328214212989
1328214213470
1328214213870
1328214214274
1328214214642
1328214215037
1328214215400
1328214215760
1328214216142
1328214216517
1328214216913
1328214217311
1328214217720
1328214218106
1328214218497
1328214218866
1328214222277
1328214222656
1328214223052
1328214223411
1328214223777
1328214224162
1328214224520
1328214224889
1328214225265
