-1832,-2149,-0.051000
-1846,-2151,-0.044000
-1813,-2200,-0.038000
-1472,-2567,0.092000
-1490,-2455,0.048000
-1477,-2462,0.086000
-1516,-2388,0.058000
-1508,-2417,0.039000
-1611,-2273,0.008000
-1756,-2036,-0.040000
-1665,-2140,-0.002000
-1644,-2129,-0.010000
-1803,-2059,-0.041000
-1728,-2072,-0.008000
-1790,-2037,-0.026000
-1730,-1991,-0.043000
-1711,-2158,-0.005000
-1800,-2037,-0.051000
-1773,-2055,-0.044000
-1711,-2037,-0.015000
-1774,-1971,-0.048000
-1692,-2015,-0.033000
-1728,-2059,-0.021000
-1791,-2017,-0.043000
-1696,-2042,-0.022000
-1648,-2243,0.013000
-1589,-2376,0.043000
-1561,-2291,0.079000
-1953,-1293,0.041000
-2198,1694,-0.012000
-2198,1694,-0.012000
-5346,8433,1.487000
-4873,8529,1.478000
-4398,8300,1.442000
-4579,8176,1.484000
-3784,8697,1.396000
-4176,8493,1.449000
-4678,8326,1.502000
-4423,8366,1.481000
-1531,-2472,0.077000
-1384,-2474,0.113000
-1513,-2501,0.089000
-1491,-2479,0.073000
-1477,-2493,0.094000
-1503,-2453,0.097000
-1536,-2448,0.066000
-1560,-2460,0.060000
-1467,-2418,0.095000
-1518,-2426,0.102000
-1591,-2465,0.059000
-1624,-2408,0.064000
-1572,-2501,0.072000
-1560,-2431,0.082000
-1551,-2537,0.074000
-1463,-2488,0.098000
-1565,-2355,0.066000
-1372,-2395,0.131000
-1429,-2416,0.134000
-1480,-2493,0.097000
-1504,-2432,0.094000
-1494,-2634,0.103000
-1553,-2688,0.084000
-1780,-2669,0.013000
-1617,-2676,0.061000
-1473,-2679,0.089000
-1556,-2667,0.082000
-1549,-2681,0.076000
-1531,-2684,0.086000
-1596,-2665,0.071000
-1536,-2700,0.078000
-1564,-2639,0.082000
-1592,-2659,0.057000
-1559,-2630,0.078000
-1458,-2705,0.099000
-1467,-2670,0.077000
-1474,-2623,0.062000
-1528,-2612,0.076000
-1372,-2684,0.112000
-1393,-2688,0.095000
-1516,-2688,0.085000
-1498,-2683,0.094000
-1475,-2607,0.058000
-1557,-2663,0.086000
-1530,-2624,0.078000
-1544,-2696,0.074000
-1562,-2583,0.062000
-1349,-2675,0.125000
-1416,-2789,0.116000
-1576,-2610,0.073000
-1408,-2715,0.133000
-1702,-2701,0.046000
-1522,-2679,0.082000
-1600,-2624,0.080000
-1380,-2722,0.147000
-1575,-2619,0.076000
-1724,-2484,0.052000
-2584,-1665,-0.200000
-1873,992,0.398000
-1873,992,0.398000
-4860,8830,1.434000
-7636,7581,1.513000
-6682,8076,1.419000
-6682,8076,1.419000
-7713,7907,1.476000
-7713,7907,1.476000
-7223,8219,1.515000
-6359,8757,1.421000
-1864,-692,0.002000
-1779,-581,-0.009000
-1671,-470,0.077000
-1581,-665,0.142000
-1554,-1027,0.151000
-1619,-982,0.082000
-889,-934,0.271000
-1415,-1077,0.042000
-1672,-1050,0.043000
-1729,-1107,0.044000
-1751,-1061,0.045000
-1755,-1170,0.069000
-1747,-1111,0.062000
-1712,-1089,0.046000
-1709,-1072,0.052000
-1686,-1061,0.050000
-1709,-1020,0.052000
-1651,-1047,0.066000
-1703,-1050,0.065000
-1671,-1024,0.061000
-1599,-981,0.113000
-1484,-781,0.262000
-2774,-181,0.667000
-7390,8892,1.379000
-7390,8892,1.379000
-1612,312,0.116000
-1663,328,0.125000
-1698,558,0.058000
-1850,392,0.022000
-1869,741,-0.178000
-1916,556,-0.140000
-1912,528,-0.117000
-1907,528,-0.114000
-1930,587,-0.166000
-1850,670,-0.161000
-1860,523,-0.112000
-1868,665,-0.167000
-1919,576,-0.119000
-1818,481,-0.123000
-1837,475,-0.111000
-1801,478,-0.123000
-1878,453,-0.118000
-1839,481,-0.108000
-1823,484,-0.112000
-1840,500,-0.121000
-1843,510,-0.102000
-1774,557,-0.134000
-1751,894,-0.147000
-1894,2629,-0.069000
-1588,3003,-0.169000
-618,3828,-0.405000
-1417,3943,-0.325000
-2069,3949,-0.278000
-2543,3720,-0.196000
-2404,3364,-0.252000
-1242,3910,-0.568000
-1204,3092,-0.570000
-1268,3016,-0.523000
-2658,3257,-0.237000
-1721,3139,-0.431000
-1058,2887,-0.621000
-480,3195,-0.866000
-1076,1743,-0.490000
-1840,398,-0.142000
-1855,391,-0.125000
-1798,268,-0.121000
-1820,412,-0.165000
-1827,300,-0.139000
-1767,324,-0.159000
-1855,285,-0.123000
-1830,410,-0.156000
-1838,328,-0.134000
-1841,420,-0.168000
-1834,322,-0.124000
-1800,388,-0.145000
-1847,389,-0.146000
-1885,359,-0.115000
-1839,357,-0.122000
-1862,341,-0.129000
-1833,445,-0.151000
-1832,432,-0.139000
-1848,413,-0.141000
-1835,435,-0.127000
-1862,387,-0.123000
-1848,339,-0.117000
-1892,373,-0.105000
-1945,372,-0.150000
-1912,398,-0.134000
-1890,327,-0.111000
-1822,498,-0.171000
-1818,368,-0.137000
-1871,386,-0.129000
-1874,305,-0.119000
-1828,192,-0.053000
-1797,394,-0.108000
-1744,507,-0.141000
-1593,678,-0.162000
-1275,1330,-0.168000
-3237,2895,-0.324000
-3227,3247,-0.355000
-8640,8120,1.454000
-8212,8692,1.393000
-7764,8509,1.439000
-7957,8290,1.466000
-7934,8244,1.465000
-8395,8071,1.520000
-7510,8654,1.442000
-7335,8744,1.439000
-7335,8744,1.439000
-6824,9252,1.364000
-6824,9252,1.364000
-1840,18,-0.113000
-1818,17,-0.086000
-1817,12,-0.135000
-1745,32,-0.110000
-1770,118,-0.144000
-1895,77,-0.112000
-1800,-49,-0.112000
-1847,37,-0.107000
-1802,-26,-0.096000
-1920,31,-0.120000
-1829,68,-0.109000
-1847,21,-0.104000
-1732,15,-0.124000
-1837,0,-0.096000
-1804,-31,-0.103000
-1890,13,-0.098000
-1821,37,-0.088000
-1833,-8,-0.110000
-1789,42,-0.119000
-1850,0,-0.099000
-1833,-72,-0.081000
-1740,-76,-0.098000
-1748,-237,-0.077000
-1713,-349,0.083000
-1605,-449,0.137000
-1571,-391,0.192000
-1545,-442,0.168000
-1595,-582,0.126000
-1597,-527,0.136000
-1587,-520,0.124000
-1541,-475,0.116000
-1737,-356,0.068000
-1767,-306,0.020000
-1749,-244,-0.037000
-1744,-219,-0.042000
-1739,-193,-0.035000
-1757,-210,-0.026000
-1668,-272,0.057000
-1590,-355,0.070000
-1637,-449,0.101000
-1588,-715,0.004000
-1600,-619,0.054000
-1654,-614,0.034000
-1634,-599,0.031000
-1554,-588,0.048000
-1620,-611,0.035000
-1464,-530,0.113000
-1474,-548,0.149000
-1435,-339,0.130000
-1523,-330,0.134000
-1544,-305,0.109000
-1464,-338,0.134000
-1452,-353,0.139000
-1482,-362,0.140000
-1460,-407,0.131000
-1502,-414,0.121000
-1471,-353,0.118000
-1524,-394,0.073000
-1584,-440,0.112000
-1481,-519,0.129000
-1475,-487,0.129000
-1479,-440,0.113000
-1475,-426,0.102000
-1545,-529,0.138000
-1455,-502,0.135000
-1524,-438,0.102000
-1519,-503,0.103000
-1470,-453,0.123000
-1455,-482,0.133000
-1487,-437,0.143000
-1513,-445,0.108000
-1443,-445,0.145000
-1595,-379,0.090000
-1486,-403,0.119000
-1572,-333,0.150000
-1683,-355,0.112000
-1733,-423,0.062000
-1796,-516,0.080000
-1792,-521,0.037000
-1826,-487,0.018000
-1704,-509,-0.001000
-1636,-525,0.077000
-1662,-288,-0.006000
-1677,-228,0.078000
-1797,-76,-0.065000
-1881,-34,-0.077000
-1868,80,-0.111000
-1928,369,-0.252000
-1956,-11,-0.121000
-1808,-57,-0.108000
-1912,-175,-0.081000
-1776,-546,-0.042000
-1745,-353,-0.096000
-1758,-346,-0.089000
-1764,-305,-0.081000
-1740,-258,-0.092000
-1777,-295,-0.084000
-1777,-348,-0.047000
-1759,-324,-0.057000
-1740,-252,-0.082000
-1787,-256,-0.095000
-1807,-194,-0.111000
-1859,-591,0.009000
-1851,-546,0.006000
-1834,-488,-0.014000
-1802,-483,-0.026000
-1674,-533,0.021000
-1661,-346,-0.017000
-1738,-199,-0.055000
-1744,-84,-0.082000
-1787,-66,-0.122000
-1733,-109,-0.090000
-1677,-72,-0.081000
-1729,-21,-0.079000
-1756,-129,-0.072000
-1735,-160,-0.084000
-1469,-142,0.032000
-1560,-60,-0.027000
-1674,-57,-0.058000
-1616,-243,0.059000
-1642,-108,0.011000
-1649,-269,0.043000
-1666,-221,0.059000
-1634,79,-0.069000
-514,2862,-0.936000
-2088,163,-0.233000
-1602,-308,-0.130000
-1670,-380,-0.085000
-1653,-424,-0.026000
-1666,-594,-0.022000
-1666,-594,-0.022000
-1702,-437,-0.117000
-1702,-437,-0.117000
-1821,-155,-0.074000
-1875,-87,-0.126000
-1796,-189,-0.054000
-1772,-112,-0.097000
-1878,-94,-0.099000
-1828,-103,-0.080000
-1785,-118,-0.069000
-1815,-109,-0.051000
-1771,-114,-0.052000
-1745,-177,-0.031000
-1680,-108,-0.062000
-1821,-81,-0.050000
-1786,-123,-0.038000
-1787,-109,-0.065000
-1699,-160,-0.056000
-1758,-171,-0.018000
-1757,-152,-0.019000
-1734,-87,-0.065000
-1788,-45,-0.078000
-1778,-138,-0.024000
-1820,-208,-0.032000
-2457,531,0.108000
-555,1152,0.089000
-709,1283,0.061000
-7433,8560,1.428000
-7611,9073,1.449000
-7611,9073,1.449000
-1681,1261,0.445000
-1521,1485,0.424000
-1827,1227,0.492000
-1817,1314,0.465000
-1666,1035,0.610000
-914,649,0.361000
-260,16,0.020000
-300,-99,-0.030000
-304,-84,-0.006000
-279,-66,-0.013000
-233,-69,-0.043000
-309,-45,0.001000
-277,-121,-0.013000
-178,-69,-0.039000
-229,-121,-0.018000
-290,-64,-0.023000
-274,-94,-0.007000
-289,-37,0.038000
-258,-156,-0.004000
-127,-258,0.026000
-200,-223,-0.016000
-258,-278,0.001000
-254,-217,0.003000
-181,-295,0.022000
-215,-276,0.061000
-148,-235,0.033000
-195,-287,0.017000
-205,-225,0.010000
-263,-262,-0.011000
-220,-305,0.024000
-233,-213,0.013000
-217,292,0.107000
-225,94,0.051000
-206,106,0.032000
-33,158,0.050000
123,421,0.027000
-13,254,0.044000
366,103,0.035000
419,218,0.026000
365,108,0.014000
330,100,0.004000
354,134,-0.000000
436,165,0.070000
390,145,0.083000
438,153,0.054000
419,155,0.090000
465,142,0.053000
411,167,0.057000
465,179,0.046000
467,171,0.134000
489,145,0.063000
501,123,0.039000
458,167,0.060000
486,167,0.094000
486,101,0.074000
384,209,0.042000
347,70,0.025000
383,111,0.038000
385,123,0.024000
366,123,0.062000
319,148,0.012000
323,110,0.031000
92,103,0.036000
87,86,0.039000
204,77,0.079000
84,124,0.059000
127,95,0.071000
240,135,0.109000
305,10,0.084000
310,39,0.083000
297,-3,0.108000
312,-39,0.098000
304,-6,0.052000
267,20,0.095000
215,72,0.101000
228,2,0.093000
240,46,0.077000
256,33,0.094000
281,-3,0.079000
226,40,0.080000
230,0,0.063000
291,63,0.080000
239,8,0.110000
352,0,0.095000
221,62,0.079000
260,-40,0.061000
242,73,0.051000
236,-133,0.003000
148,-209,0.000000
227,-20,0.064000
257,-193,0.064000
220,-205,0.041000
255,-159,0.056000
270,-166,0.055000
270,-170,0.036000
259,-119,0.021000
130,-115,0.071000
274,-88,0.080000
224,341,0.188000
-1645,1575,0.819000
-1819,1676,0.762000
-1776,1564,0.757000
-1867,1536,0.751000
-1915,1439,0.753000
-1801,1440,0.773000
-1772,1466,0.799000
-1676,1413,0.791000
174,-12,0.140000
111,-56,0.069000
129,-155,0.079000
118,-97,0.085000
157,-131,0.047000
180,-133,0.061000
112,-57,0.070000
129,-55,0.102000
161,-148,0.049000
208,-103,0.068000
164,-115,0.092000
112,-146,0.076000
159,-106,0.101000
105,-125,0.073000
175,-120,0.087000
128,-119,0.079000
182,-129,0.094000
152,-84,0.066000
169,22,0.108000
57,-47,-0.037000
-37,0,-0.051000
59,64,-0.015000
-10,107,0.063000
-2,149,0.026000
-73,102,0.004000
-117,147,0.018000
-99,103,0.010000
-187,128,0.010000
-170,132,0.040000
-159,108,0.096000
-145,-10,0.072000
-144,24,0.016000
-240,-78,-0.007000
-208,-77,-0.012000
-257,-84,0.015000
-225,-7,0.041000
-275,-12,-0.008000
-179,-16,0.022000
-162,-83,0.019000
-247,18,0.036000
-201,-6,0.022000
-229,-9,0.007000
-176,-51,-0.004000
-206,-72,0.042000
-134,-41,0.036000
-204,8,0.020000
-184,-89,0.036000
-215,-59,0.023000
-193,46,0.046000
-194,31,0.050000
-95,6,0.083000
-42,-176,0.096000
-20,-297,0.140000
-50,-394,0.074000
-134,-440,0.044000
-109,-379,0.120000
-126,-277,0.050000
-89,-322,0.092000
-102,-347,0.106000
-112,-373,0.084000
-94,-380,0.083000
-105,-327,0.051000
-124,-331,0.061000
-54,-332,0.085000
-68,-325,0.082000
-30,-378,0.094000
-80,-337,0.116000
0,-313,0.096000
90,-339,0.065000
150,-365,0.100000
187,-299,0.076000
23,-312,0.074000
17,-384,0.075000
12,-446,0.064000
60,-431,0.078000
92,-397,0.099000
81,-371,0.080000
13,-452,0.078000
37,-350,0.048000
40,-376,0.078000
25,-416,0.071000
22,-379,0.072000
47,-375,0.117000
60,-356,0.088000
72,-364,0.056000
-12,-438,0.075000
55,-401,0.052000
27,-387,0.074000
-14,-392,0.080000
35,-368,0.086000
46,-375,0.081000
45,-357,0.045000
-9,-372,0.072000
34,-338,0.102000
56,-378,0.083000
40,-421,0.082000
56,-421,0.052000
29,-442,0.059000
93,-376,0.100000
36,-334,0.038000
36,-346,0.076000
-76,-350,0.071000
-19,-416,0.059000
-173,-418,0.038000
-111,-465,0.045000
50,-389,0.102000
54,-396,0.123000
-32,-262,0.126000
-241,-93,-0.140000
-323,-424,-0.058000
-28,-696,-0.009000
-55,-732,0.036000
4,-790,0.062000
111,-523,0.069000
241,-392,0.143000
152,-40,0.102000
-8,250,0.042000
-132,-105,-0.096000
-73,-293,-0.146000
10,-351,-0.063000
-39,-324,-0.132000
-72,-249,-0.128000
-22,-206,-0.082000
-77,-134,-0.081000
-191,-48,-0.083000
-173,-115,-0.061000
-89,-112,-0.081000
-98,-152,-0.045000
-66,-241,-0.088000
-100,-150,-0.112000
-107,-201,-0.096000
-110,-160,-0.112000
-191,-212,-0.082000
-137,-117,-0.069000
-142,-253,-0.111000
-34,-244,-0.106000
-55,-203,-0.089000
49,-170,-0.006000
29,-98,0.024000
-88,-47,-0.025000
-53,-184,-0.044000
-23,-168,-0.071000
-117,-141,-0.061000
-146,-129,-0.046000
-83,-63,-0.018000
-92,-18,-0.015000
23,88,0.004000
-6,57,-0.053000
21,33,-0.037000
-85,5,-0.038000
-83,-16,-0.048000
-76,-66,-0.051000
-9,-16,-0.027000
-35,-55,-0.026000
