-1747.222046,-2268.202393,0.000966
-1769.420898,-2228.053711,-0.016731
-1788.711304,-2194.413818,-0.036880
-1766.911377,-2215.524414,-0.055641
-1744.018555,-2229.567627,-0.059989
-1701.671387,-2265.801025,-0.048864
-1645.053467,-2316.011963,-0.008800
-1582.748291,-2369.703613,0.041199
-1536.670410,-2397.209229,0.071960
-1524.675415,-2378.310059,0.076238
-1549.705078,-2323.529785,0.066324
-1577.736328,-2271.753418,0.039055
-1627.826660,-2205.132568,0.008034
-1661.767334,-2150.804688,-0.012337
-1698.640625,-2097.822021,-0.015631
-1715.606445,-2063.979980,-0.016354
-1716.674072,-2073.018311,-0.022558
-1737.178345,-2055.009521,-0.023262
-1750.399048,-2044.701172,-0.024517
-1739.071899,-2044.596069,-0.028259
-1745.131226,-2036.111572,-0.030350
-1735.959961,-2034.529785,-0.036049
-1736.432495,-2036.589355,-0.038828
-1742.372070,-2015.312500,-0.034779
-1727.373535,-2013.775024,-0.035447
-1714.133911,-2034.117920,-0.037001
-1702.184204,-2072.343506,-0.037075
-1677.812378,-2113.138916,-0.037438
-1697.995728,-2054.082031,-0.022341
-1734.348145,-1683.342285,0.012343
-1774.783691,-1287.807007,0.047595
-2182.226074,-55.952026,-0.002387
-2564.834229,1351.155762,-0.084735
-2982.354736,2945.799072,-0.043365
-3517.616699,4703.704590,0.375970
-3925.803955,6367.548828,1.027774
-4273.692383,7508.877441,1.454115
-4535.438477,8365.293945,1.511383
-4368.528809,8364.606445,1.494391
-3991.859375,7220.412109,1.543833
-3686.024170,6093.978027,1.614944
-3321.707031,4692.746094,1.575268
-2911.349854,2802.583984,1.177885
-2385.684082,777.921387,0.568281
-1854.192383,-1058.177124,0.164681
-1478.281250,-2463.903564,0.094677
-1484.026978,-2462.599609,0.090210
-1495.902710,-2454.361816,0.091764
-1499.796631,-2443.617676,0.087351
-1513.530151,-2439.231934,0.077088
-1528.900879,-2427.422363,0.077692
-1536.193848,-2431.237793,0.089219
-1542.919800,-2428.781494,0.089153
-1549.683350,-2438.075195,0.075797
-1554.243164,-2447.888916,0.067927
-1557.962158,-2443.244385,0.073690
-1528.680298,-2440.579346,0.078089
-1502.233521,-2441.192871,0.080511
-1486.467896,-2433.923828,0.084382
-1471.703125,-2425.935303,0.097754
-1459.655273,-2432.743652,0.116898
-1467.578125,-2458.203613,0.125116
-1494.455566,-2500.754639,0.116218
-1527.645386,-2545.352783,0.106926
-1543.763550,-2590.145264,0.096087
-1567.118286,-2623.289551,0.070962
-1579.460205,-2656.962402,0.050634
-1579.195312,-2662.776611,0.057704
-1572.431274,-2660.153564,0.078440
-1539.163818,-2663.798340,0.084914
-1535.299316,-2660.054688,0.083326
-1550.687988,-2658.442383,0.082457
-1551.668945,-2654.335938,0.080915
-1543.596191,-2655.035156,0.078299
-1537.839111,-2651.054932,0.075131
-1522.951660,-2645.135498,0.074361
-1515.641968,-2637.359375,0.081571
-1486.698364,-2643.268066,0.086471
-1460.944336,-2644.331055,0.079472
-1454.698853,-2647.314941,0.074433
-1454.291992,-2644.977295,0.084860
-1450.726318,-2642.514893,0.099683
-1459.873413,-2651.315186,0.101259
-1465.693115,-2652.410645,0.093709
-1491.362427,-2649.821777,0.085263
-1513.802856,-2635.050293,0.080086
-1499.499268,-2632.368652,0.077630
-1494.839844,-2643.989014,0.076565
-1502.724731,-2643.878906,0.075523
-1476.590820,-2652.796143,0.085950
-1487.413330,-2665.662354,0.106295
-1483.305176,-2667.167480,0.112622
-1495.574341,-2673.285889,0.106087
-1512.048096,-2676.385254,0.093037
-1535.616699,-2656.995117,0.080927
-1551.248535,-2642.565430,0.080807
-1667.113770,-2529.963135,0.113901
-1684.391113,-2135.984863,0.108098
-1755.569580,-1718.243042,0.052366
-2155.146973,-381.546570,-0.063641
-2849.154541,949.646240,-0.056546
-3462.052734,2536.744385,0.181233
-4220.753906,4316.507324,0.653529
-5137.681641,5946.996582,1.152353
-6105.425293,7114.182617,1.459400
-6870.758789,8021.942383,1.492183
-7102.101074,8004.423828,1.487482
-6542.980957,7142.476074,1.572953
-6041.975098,6256.376465,1.656116
-5334.438477,5180.237305,1.577169
-4295.439453,3732.613281,1.126562
-3211.941406,2089.770020,0.477115
-2294.059570,534.582642,0.084526
-1587.449097,-723.080994,0.065163
-1523.830322,-791.564819,0.119180
-1487.984375,-875.620605,0.144693
-1460.932739,-967.682312,0.164255
-1464.358032,-1020.095520,0.160527
-1499.934326,-1041.998535,0.111307
-1554.266235,-1064.034424,0.053655
-1676.529297,-1086.395020,0.045781
-1719.306885,-1090.830322,0.053641
-1722.553711,-1094.772827,0.061518
-1718.270752,-1084.996338,0.061122
-1703.780029,-1079.259766,0.054209
-1694.684814,-1060.670532,0.050804
-1683.850830,-1047.011353,0.052374
-1669.787842,-1033.078125,0.054989
-1645.024170,-1001.307312,0.052738
-1756.340088,-907.148315,0.034694
-2344.532715,142.336960,0.009041
-2965.002441,1218.641602,0.063837
-3139.281494,1645.543335,0.349190
-3532.550537,2439.171387,0.832655
-3850.464111,3159.005371,1.211632
-3846.706543,3329.480469,1.075090
-3407.275391,2970.481689,0.565189
-2467.357422,1550.026733,0.186158
-1765.195557,476.180298,0.076042
-1814.295410,518.965088,-0.016450
-1857.547485,556.351746,-0.103567
-1881.899780,570.006470,-0.138179
-1886.401489,579.631104,-0.130510
-1886.310059,571.132629,-0.135338
-1883.095459,579.007324,-0.152034
-1869.031738,578.539917,-0.155055
-1859.645996,575.062927,-0.148698
-1846.211670,559.374756,-0.144450
-1847.918457,528.710571,-0.137406
-1841.467529,514.114441,-0.125502
-1832.546265,485.822357,-0.122614
-1824.125366,474.405640,-0.122082
-1828.125488,477.384918,-0.120507
-1821.876221,487.280701,-0.116301
-1815.902954,533.676636,-0.114730
-1815.417236,766.091492,-0.118068
-1784.961426,1044.180420,-0.121603
-1655.611328,1465.041138,-0.116534
-1606.641724,1978.819214,-0.106195
-1594.636353,2546.816406,-0.123169
-1616.372437,3086.409912,-0.215241
-1658.928101,3486.887207,-0.319554
-1638.066895,3688.178711,-0.324981
-1705.194580,3702.249512,-0.257895
-1835.748535,3592.332031,-0.237816
-1925.429688,3492.192627,-0.342351
-1797.589844,3367.084717,-0.495365
-1598.400146,3241.729248,-0.547634
-1437.249512,3191.039551,-0.450556
-1457.140015,2943.690674,-0.382827
-1483.232910,2656.479248,-0.479555
-1442.602051,2342.967529,-0.674279
-1297.323853,1906.823120,-0.720837
-1351.490479,1430.311401,-0.532691
-1517.399048,960.689331,-0.276399
-1714.998535,530.859131,-0.150549
-1813.766113,340.639313,-0.139360
-1810.113525,338.599030,-0.150156
-1807.191406,329.894958,-0.155053
-1812.992188,344.648804,-0.148930
-1816.368164,336.934357,-0.146728
-1816.350586,351.215942,-0.147822
-1825.973267,362.159271,-0.152965
-1827.961792,370.355225,-0.152456
-1827.697754,365.186615,-0.149214
-1831.108765,367.081665,-0.145431
-1832.980591,369.640350,-0.139963
-1835.609375,379.959381,-0.129643
-1841.370361,382.043701,-0.127231
-1838.001099,391.148499,-0.137192
-1833.945435,400.021088,-0.146557
-1834.213745,402.761200,-0.148381
-1837.686646,406.573181,-0.143289
-1850.822510,394.804993,-0.134329
-1861.122070,386.070221,-0.125051
-1870.015747,372.805695,-0.120872
-1874.564209,378.414886,-0.124486
-1874.015137,377.281616,-0.133555
-1875.201416,384.716217,-0.137023
-1866.203003,381.429626,-0.141062
-1847.276001,364.279510,-0.152740
-1833.436279,361.938568,-0.151886
-1819.462158,370.008606,-0.131583
-1795.248779,378.025269,-0.104370
-1732.739990,481.066559,-0.088655
-1863.538086,762.880676,-0.096894
-1980.447021,1118.405518,-0.122836
-2707.301270,2057.967773,-0.227759
-3471.315918,3105.677734,-0.358049
-4370.034668,4261.751465,-0.350605
-5497.946777,5537.771484,0.111777
-6640.185059,6748.692871,0.871181
-7474.474121,7645.947754,1.383171
-8006.825684,8341.756836,1.481292
-7855.527344,8384.734375,1.509342
-7770.989746,8370.973633,1.531412
-7650.729492,8466.784180,1.536748
-7478.839844,8607.981445,1.520824
-6766.349609,7797.888672,1.557431
-6009.370117,7005.770508,1.591437
-5242.576172,5912.091797,1.488338
-4298.182129,4430.552734,1.037870
-3300.196777,2797.035156,0.393010
-2455.321533,1234.002197,-0.039057
-1798.512939,31.144819,-0.119338
-1797.593384,38.962418,-0.129970
-1798.976440,36.724773,-0.131262
-1814.642578,35.466675,-0.125175
-1826.521484,32.637646,-0.114944
-1835.315186,17.468384,-0.109828
-1820.694946,12.988132,-0.109396
-1826.819458,21.982290,-0.113347
-1819.869507,16.746090,-0.115379
-1822.707031,20.129242,-0.115538
-1808.003784,16.398552,-0.115108
-1809.811035,4.739062,-0.109735
-1808.914551,6.789323,-0.102362
-1824.477539,6.797109,-0.099466
-1822.978760,1.570642,-0.102399
-1813.533569,-1.903678,-0.110587
-1797.705078,-30.983540,-0.113934
-1785.282837,-77.518478,-0.111974
-1757.011841,-135.332733,-0.111566
-1726.731567,-200.073532,-0.103532
-1683.932617,-271.193542,-0.050445
-1646.488770,-349.328064,0.046121
-1617.886719,-413.466949,0.133694
-1589.925415,-454.597290,0.172301
-1568.190430,-478.359833,0.169490
-1583.403564,-477.948273,0.151408
-1604.948730,-473.406128,0.142503
-1628.815674,-446.084229,0.137884
-1653.648926,-393.574005,0.117635
-1682.536499,-341.083130,0.076866
-1713.086182,-291.031647,0.023910
-1731.345215,-256.273865,-0.022337
-1715.211426,-247.626297,-0.044996
-1699.349609,-260.032898,-0.041348
-1675.721802,-314.619263,-0.008010
-1650.614014,-369.767883,0.038564
-1631.937378,-437.786255,0.072034
-1612.628906,-507.990417,0.068466
-1599.969849,-564.300293,0.048674
-1605.077271,-602.397583,0.037629
-1587.521362,-609.623901,0.036018
-1574.199463,-588.036865,0.030850
-1550.918091,-556.144775,0.035710
-1526.875977,-522.273193,0.059941
-1506.900146,-482.112732,0.101607
-1489.410889,-438.817413,0.134160
-1471.660889,-392.925720,0.138800
-1477.697876,-360.631409,0.130399
-1477.164551,-340.563904,0.127566
-1481.299927,-350.433350,0.133719
-1471.605469,-357.276581,0.142402
-1468.758057,-372.233490,0.144398
-1483.200562,-386.445801,0.138176
-1488.231567,-404.635681,0.125841
-1492.127930,-418.246216,0.109214
-1498.740723,-426.160492,0.101004
-1496.549438,-436.594818,0.110906
-1500.983398,-462.165619,0.125756
-1488.218018,-473.811249,0.126017
-1480.770630,-471.366272,0.119848
-1486.861450,-470.736603,0.122054
-1487.656006,-470.004364,0.130511
-1486.727783,-476.049622,0.128339
-1487.869507,-475.858551,0.115154
-1482.799683,-464.895325,0.113180
-1478.821045,-458.301544,0.123962
-1484.488770,-450.074829,0.136212
-1481.348145,-437.130615,0.137126
-1495.075562,-421.331879,0.130835
-1523.049072,-403.709686,0.122958
-1552.213623,-396.966461,0.121594
-1589.663940,-398.054047,0.128586
-1638.345703,-403.457611,0.135538
-1679.188965,-419.336426,0.118192
-1719.426270,-441.773346,0.091459
-1737.788452,-473.830780,0.067012
-1739.776611,-473.268555,0.044771
-1728.313232,-454.535248,0.022933
-1716.973022,-403.176086,0.028224
-1715.843018,-337.030975,0.042237
-1718.843140,-252.416962,0.047262
-1753.444336,-129.516800,0.028612
-1803.414185,-48.021835,-0.018247
-1834.292114,5.551280,-0.083891
-1870.953003,36.097469,-0.145670
-1872.944092,-7.449278,-0.181858
-1857.456177,-55.717281,-0.161512
-1840.729736,-138.520538,-0.112665
-1813.325562,-250.477020,-0.082589
-1781.134277,-302.250916,-0.072291
-1770.135742,-337.323334,-0.080723
-1751.406372,-347.769592,-0.091608
-1749.537354,-313.792358,-0.092608
-1750.204956,-300.304382,-0.089184
-1754.358398,-292.598297,-0.076604
-1759.038330,-283.083618,-0.061496
-1770.939697,-315.899780,-0.066957
-1779.565674,-334.951630,-0.088494
-1790.227661,-350.530975,-0.099903
-1802.107056,-385.398224,-0.075708
-1800.873535,-438.435791,-0.031720
-1788.981567,-464.636932,-0.005583
-1775.887207,-468.370148,-0.007522
-1751.306152,-408.462372,-0.004161
-1732.890991,-344.514526,0.001853
-1717.286133,-280.449738,-0.013713
-1707.771729,-206.690414,-0.050700
-1720.158569,-129.422775,-0.086032
-1730.982056,-95.949379,-0.103870
-1726.933838,-87.604652,-0.099886
-1695.184937,-92.442917,-0.091950
-1671.777588,-94.175735,-0.087823
-1661.761719,-94.711014,-0.077908
-1641.698608,-117.690147,-0.053612
-1619.288330,-124.675003,-0.027533
-1603.513672,-136.823975,-0.022871
-1601.591919,-145.942291,-0.018267
-1625.793701,-130.654266,0.013326
-1518.017334,165.625702,0.076565
-1562.595459,190.533386,0.087566
-1533.678589,269.102966,-0.011057
-1501.671265,377.482208,-0.286244
-1500.820068,417.982666,-0.496995
-1523.577515,318.292969,-0.418477
-1566.402100,97.893036,-0.194145
-1703.317871,-358.946899,-0.089212
-1654.620728,-452.888062,-0.040150
-1680.132202,-451.205536,-0.025383
-1704.413330,-422.386261,-0.048719
-1725.591553,-382.344818,-0.088918
-1748.131836,-301.533051,-0.107799
-1782.368774,-220.648193,-0.103356
-1801.928223,-166.525055,-0.095368
-1811.846680,-124.340904,-0.090816
-1811.145996,-117.329544,-0.092032
-1800.888794,-117.209549,-0.096629
-1795.768311,-114.339523,-0.087715
-1782.903809,-114.799377,-0.071828
-1771.784424,-115.801758,-0.058308
-1761.423584,-120.468964,-0.049332
-1756.715576,-119.522934,-0.047398
-1744.835571,-122.850784,-0.050073
-1747.658325,-126.132553,-0.052608
-1751.536011,-123.764732,-0.054328
-1754.262695,-126.082832,-0.055666
-1746.746094,-126.769913,-0.045523
-1744.307739,-129.342667,-0.031760
-1749.186035,-134.926483,-0.036644
-1831.573364,-55.798172,-0.061969
-1708.494385,83.363617,-0.070813
-1619.175415,244.703995,-0.046799
-2215.607178,1205.251099,-0.051125
-2760.672852,2258.408447,-0.054335
-3440.001953,3510.743164,0.034476
-3771.326172,4219.747070,0.465102
-4186.555176,4960.689453,1.103875
-4627.720703,5291.655762,1.460296
-4533.405273,5007.050293,1.236526
-3454.142334,3611.591064,0.789849
-2372.628174,2223.058105,0.510629
-1463.342651,1070.766235,0.509743
-1304.979736,896.060059,0.563388
-1106.958618,667.414429,0.534362
-832.598083,440.777008,0.363671
-563.961060,205.726212,0.136702
-363.176025,33.832813,0.009424
-280.207977,-67.901627,-0.015778
-269.749054,-76.862686,-0.019215
-261.225250,-78.199539,-0.020876
-257.700317,-77.569168,-0.016688
-253.239258,-83.031235,-0.018463
-255.818298,-81.806419,-0.028483
-250.892273,-93.179970,-0.028355
-240.224335,-105.610130,-0.018337
-246.685944,-121.023827,-0.000166
-246.139633,-143.733765,0.014211
-233.753998,-172.136703,0.015646
-218.029968,-206.823822,0.006389
-210.502533,-240.748611,-0.002646
-203.020187,-251.687149,-0.004969
-211.521973,-257.139862,0.008101
-207.918808,-258.754242,0.028818
-203.141968,-257.731567,0.043776
-197.897827,-266.223450,0.038210
-205.707840,-255.540054,0.020853
-210.808640,-196.775787,0.003865
-222.889282,-162.977707,-0.000052
-225.060150,-107.507347,0.013260
-205.853577,-35.745937,0.042414
-163.874390,68.787933,0.065032
-136.536118,148.762360,0.062962
-57.137894,192.494690,0.046631
31.290321,197.694489,0.041142
118.028557,209.326920,0.040805
203.767441,206.733109,0.040269
271.924957,192.528809,0.037561
325.899567,153.569473,0.025073
375.058136,137.351715,0.010184
381.215149,140.648849,0.004735
383.708527,135.025787,0.020242
399.674835,141.990356,0.051705
413.060242,150.848541,0.072278
427.518707,155.491592,0.075745
432.872131,156.081192,0.069868
444.744568,157.290100,0.062693
453.102966,155.931503,0.060369
459.838135,158.288864,0.077321
466.097382,159.436600,0.088700
476.917603,149.865768,0.076159
468.757935,152.221649,0.059092
455.858765,141.431839,0.068880
441.946289,138.570328,0.081544
422.973083,137.934662,0.073598
404.322693,129.674759,0.050041
379.586426,124.873802,0.035916
360.081360,123.538071,0.034150
328.606506,113.204193,0.038672
297.859802,117.362450,0.037855
268.635406,113.453163,0.030349
218.699249,111.258148,0.026683
176.761780,104.581482,0.035145
157.778015,101.037674,0.047452
152.476578,90.873283,0.060294
178.818436,86.026192,0.069757
208.378876,76.681091,0.079986
232.936844,59.593887,0.091207
269.655945,38.642883,0.095163
291.312805,22.343666,0.096197
290.362000,9.621422,0.098483
281.322083,6.676864,0.090078
270.287689,9.656591,0.082042
259.814087,18.409378,0.088306
250.930145,25.412670,0.098081
240.663712,31.189129,0.095128
238.955276,27.622471,0.090978
249.576721,25.484135,0.089046
250.599655,25.275925,0.084177
261.744202,20.199488,0.076289
258.109772,24.662357,0.076106
259.119171,20.527130,0.088093
264.778900,23.701370,0.101403
265.064270,8.584012,0.101287
247.685333,-20.703382,0.087740
242.530457,-25.768829,0.066693
227.816620,-57.328186,0.039473
223.275375,-97.308701,0.017821
220.735489,-118.490410,0.021027
225.172394,-150.020187,0.044196
232.559067,-157.021317,0.057568
247.803604,-152.265152,0.056315
239.743668,-164.182083,0.053511
243.812424,-150.022964,0.047617
242.156311,-88.926476,0.032867
37.392883,97.684982,0.004883
-184.842621,306.997223,0.005365
-446.421173,551.254028,0.087605
-793.218445,843.930176,0.321757
-1167.667358,1138.335571,0.613468
-1521.590820,1389.702637,0.775104
-1792.527100,1531.815186,0.783048
-1804.894165,1501.518799,0.777013
-1596.246338,1312.653198,0.810485
-1390.129272,1136.049316,0.856874
-1119.851318,919.422668,0.843110
-775.383972,661.962646,0.654152
-418.186707,374.665405,0.348935
-94.841820,104.384575,0.131731
136.428467,-93.212196,0.083064
133.532227,-102.860146,0.073073
141.445419,-112.176994,0.064048
149.847473,-102.658737,0.064968
153.586929,-101.610008,0.076161
149.626648,-103.060272,0.078599
151.363434,-103.039108,0.071466
152.747955,-114.112045,0.072225
155.686798,-122.304985,0.082854
148.073914,-119.281113,0.089455
142.872025,-122.225708,0.089108
142.424271,-118.316650,0.087606
149.968170,-100.704140,0.084576
141.461639,-94.109276,0.091137
128.044235,-76.042152,0.096535
114.123787,-48.570621,0.092621
90.779961,-16.986650,0.055845
59.120750,19.313198,-0.000845
25.632208,45.984917,-0.030546
-9.867893,69.415527,-0.004518
-29.119484,95.497124,0.027384
-52.028526,114.750397,0.030248
-85.367340,123.747910,0.016012
-109.968414,123.213417,0.008026
-133.455078,106.474091,0.007654
-146.510574,98.213600,0.020777
-162.267136,70.954491,0.052016
-172.974930,44.193562,0.076780
-180.383942,10.691471,0.065682
-190.336807,-16.039825,0.027675
-208.937302,-37.647869,0.000905
-218.541870,-42.521561,-0.000768
-223.830200,-51.905914,0.012600
-225.250870,-36.508270,0.018192
-221.003677,-26.551702,0.014088
-213.827713,-19.254372,0.015340
-206.705475,-23.663734,0.025793
-200.494858,-27.950052,0.027543
-197.685242,-28.839893,0.019650
-200.764496,-21.828238,0.009731
-190.737549,-37.813786,0.012994
-188.926086,-44.632965,0.026574
-184.057114,-38.008423,0.032520
-187.097778,-29.536156,0.028887
-178.068604,-20.613619,0.026710
-169.932159,-31.014793,0.029895
-147.974915,-56.669289,0.037324
-125.579781,-88.468285,0.056332
-104.666229,-143.665924,0.082978
-84.506744,-215.143585,0.106236
-73.737213,-277.070862,0.109947
-77.603180,-333.138306,0.090561
-90.837967,-357.588776,0.076747
-104.879517,-360.565430,0.080053
-109.243492,-351.641449,0.083997
-104.808861,-337.514893,0.090036
-105.646690,-336.733368,0.099509
-97.919456,-346.472260,0.092724
-96.431335,-346.314758,0.076810
-88.329239,-346.704712,0.065136
-82.560646,-339.867676,0.065572
-68.553246,-332.719696,0.077085
-43.903183,-336.007324,0.089939
-12.524164,-340.135895,0.100766
18.320988,-335.740570,0.105977
39.322922,-333.439941,0.097933
60.247116,-333.625641,0.088672
80.880501,-344.280273,0.087322
85.475754,-356.344238,0.084866
75.916039,-366.051849,0.076973
59.323017,-375.315460,0.073054
40.105396,-399.529846,0.074401
46.755909,-405.278503,0.083922
52.326359,-402.601898,0.091040
52.259026,-397.514221,0.086528
44.531738,-390.035004,0.074060
36.862862,-386.846832,0.065914
33.719395,-384.421997,0.067549
39.927708,-375.042908,0.076792
35.590782,-383.826813,0.088907
39.745274,-383.684540,0.098747
41.239819,-380.296082,0.090836
36.095901,-384.857056,0.073787
32.860859,-387.351715,0.065230
28.765791,-390.600891,0.065821
24.505882,-387.906799,0.073414
24.835934,-378.164795,0.083241
23.890713,-369.611481,0.083110
28.575117,-366.996033,0.073295
33.655754,-368.585114,0.066505
35.079151,-373.140717,0.076724
34.240952,-381.642548,0.091384
41.853874,-387.802063,0.089372
48.161396,-389.537079,0.077294
48.997471,-393.889221,0.067959
36.359882,-388.370331,0.069829
30.237999,-381.486847,0.072842
2.332611,-374.916626,0.070197
-20.337843,-375.824127,0.069279
-35.372387,-381.583679,0.068012
-44.655109,-395.240448,0.054077
-55.192345,-392.136047,0.044916
-65.570786,-365.932373,0.069894
-86.248352,-360.906433,0.109850
-69.486130,-373.973877,0.118636
-81.860588,-387.067505,0.051236
-106.934288,-435.343903,-0.040112
-104.746223,-479.474731,-0.066559
-63.243050,-536.020081,-0.022959
-0.530563,-556.375610,0.021540
53.026611,-478.768433,0.058230
60.087189,-382.722992,0.098926
67.281685,-280.149597,0.127641
58.403152,-180.672058,0.106086
20.683897,-138.139389,0.028146
-28.827827,-137.661041,-0.059677
-50.219936,-189.119507,-0.105919
-54.059315,-251.499512,-0.112672
-58.224495,-245.849594,-0.117675
-70.607285,-216.253998,-0.119428
-86.758797,-175.357635,-0.101311
-101.893753,-142.947937,-0.087455
-109.479454,-133.744095,-0.080079
-119.763733,-126.660011,-0.072283
-117.630150,-140.479675,-0.065955
-102.709328,-160.435791,-0.068657
-102.913406,-175.633926,-0.084773
-109.352310,-177.933578,-0.103998
-118.154251,-187.552505,-0.108072
-120.256523,-186.650208,-0.100648
-119.012260,-192.193771,-0.090546
-101.284897,-192.294769,-0.093053
-79.103043,-190.207672,-0.108660
-57.393597,-175.157196,-0.108355
-37.106052,-177.764191,-0.072973
-19.162363,-157.361954,-0.023091
-29.975735,-137.703781,0.000586
-44.605705,-128.851959,-0.016025
-64.141541,-121.791817,-0.046393
-81.899475,-117.692726,-0.063777
-75.284653,-101.301201,-0.063382
-74.168701,-67.481606,-0.045292
-66.445305,-34.080807,-0.024667
-53.683395,-4.442463,-0.012286
-38.081116,17.872782,-0.017141
-33.302879,20.822544,-0.031266
-28.289299,17.386675,-0.041620
-41.540009,-4.806616,-0.044235
