2 -157.612030,96.595566,-0.033140 -5716.971680 -766.273804
2 -208.399506,62.224297,-0.061140 -11111.925781 -2371.447998
2 -207.987366,58.079865,-0.061140 -11070.056641 -2618.619629
2 -214.227325,66.429352,-0.018140 -11170.090820 -2507.165039
2 -215.164001,70.031334,-0.018140 -11265.260742 -2292.344482
2 -203.215607,49.714226,-0.098140 -11073.710938 -2563.551270
2 -201.421997,40.949371,-0.098140 -10891.478516 -3086.281982
2 -208.793365,48.018692,-0.082140 -11009.649414 -2991.915771
2 -210.089233,41.327133,-0.107140 -11125.113281 -2940.065918
2 -210.117676,37.124725,-0.107140 -11128.000977 -3190.694824
2 -212.380859,52.893028,-0.056140 -11164.282227 -2980.208496
2 -212.720581,59.695503,-0.056140 -11198.799805 -2574.512695
2 -211.488739,46.173447,-0.097140 -11179.052734 -2755.014160
2 -211.303833,40.339996,-0.097140 -11160.264648 -3102.917969
2 -192.230804,22.144257,-0.176140 -10854.500000 -3345.807129
2 -197.494537,21.479050,-0.154140 -10693.884766 -3718.054443
2 -209.063202,54.405754,-0.032140 -10983.737305 -3135.052734
2 -201.295746,52.450676,-0.092140 -10992.147461 -2565.501465
2 -209.305542,56.306046,-0.063140 -11000.825195 -2810.044434
2 -202.929535,39.293335,-0.156140 -11019.469727 -2832.451904
2 -211.580353,77.675041,-0.005140 -11058.110352 -2748.153076
2 -202.666534,86.788155,-0.071140 -11041.349609 -1675.364868
2 -188.478912,58.388039,-0.194140 -10680.466797 -2282.804688
2 -191.214752,81.063690,-0.101140 -10562.115234 -2448.758789
2 -181.760590,98.355347,-0.115140 -10470.044922 -1562.931885
2 -173.304779,116.770554,-0.068140 -10204.112305 -1254.370117
2 -136.125824,149.358704,-0.102140 -9519.038086 -478.678223
2 -129.812378,164.281708,-0.079140 -8953.621094 224.336182
2 -128.312073,164.327911,-0.098140 -8918.156250 305.618408
2 -123.017242,167.795288,-0.076140 -8815.712891 318.027100
2 -121.989685,179.018600,-0.047140 -8733.863281 551.701172
2 -79.847687,203.811569,-0.090140 -8054.885254 1070.607178
2 -75.004395,207.424072,-0.125140 -7436.424805 1532.860352
2 -73.095428,215.668457,-0.063140 -7424.793457 1536.440186
2 -71.863983,214.412399,-0.105140 -7377.681641 1730.245605
2 -69.614410,221.397949,-0.074140 -7329.909180 1707.568604
2 -65.197540,219.621933,-0.120140 -7231.962402 1873.372437
2 -54.861801,228.672226,-0.063140 -7013.604492 1876.959595
2 -53.402618,233.668976,-0.063140 -6865.351562 2174.963135
2 -49.600632,235.306961,-0.062140 -6804.401367 2196.828125
2 -49.029907,236.013596,-0.062140 -6746.413574 2238.971191
2 -46.353104,241.056274,-0.046140 -6703.500977 2306.283691
2 -52.539261,228.581238,-0.108140 -6768.289551 2240.459961
2 -53.528214,222.261002,-0.108140 -6868.767578 1863.525391
2 -49.914932,231.544617,-0.065140 -6810.841309 1987.449341
