4 237.266312,377.152863,1.626520 290.375000 -1289.292603
4 238.507202,346.157837,1.626520 566.629395 -3774.307129
4 236.011124,345.892822,1.576520 478.948303 -3779.062988
4 237.019852,344.639526,1.596520 444.127319 -3808.668701
4 237.227524,344.148163,1.596520 490.360535 -3848.062256
4 237.899811,343.219360,1.596520 513.976196 -3864.729980
4 237.336975,342.448761,1.600520 513.127441 -3903.493164
4 237.237335,342.289215,1.600520 490.945160 -3916.285889
4 237.830963,340.838867,1.592520 511.797729 -3942.312012
4 239.611694,342.172424,1.661520 591.058960 -3957.317139
4 238.140717,341.941406,1.600520 586.999512 -3908.865479
4 237.216293,342.786407,1.605520 505.977234 -3922.595459
4 237.116394,343.351227,1.605520 483.737518 -3877.310059
4 239.489838,343.864990,1.632520 567.110596 -3868.090576
4 239.107742,342.774872,1.625520 620.491699 -3873.860107
4 239.415375,343.076294,1.631520 610.515381 -3903.666260
4 236.540237,344.077087,1.574520 521.297363 -3862.423096
4 238.955841,345.794373,1.628520 523.459595 -3814.783691
4 237.191040,351.351318,1.599520 541.869629 -3676.220459
4 235.193146,357.163513,1.547520 409.945953 -3439.496826
4 233.204208,363.860199,1.557520 293.114716 -3220.418457
4 234.404663,369.605194,1.602520 286.353088 -2980.214111
4 233.261551,378.202057,1.595520 287.331970 -2730.862793
4 231.793671,391.681427,1.514334 197.419861 -2299.203369
4 233.309586,398.595734,1.572520 215.111694 -1895.127441
4 233.720428,411.918060,1.589520 277.548767 -1591.229492
4 232.606339,422.340698,1.565520 242.770935 -1074.512207
4 233.591370,436.594269,1.569520 245.361084 -681.152588
4 234.730759,447.662445,1.518334 317.915314 -159.235016
4 234.368408,457.031616,1.562520 332.373077 166.558655
4 236.522583,471.945251,1.493334 393.764099 617.691284
4 236.124969,484.036011,1.518334 442.572327 1155.865601
4 236.048172,503.885132,1.531520 419.259583 1698.076660
4 237.775253,523.777649,1.505334 480.860840 2507.667236
4 237.885727,538.460266,1.495334 533.212524 3109.919434
4 235.353027,550.978271,1.552520 440.078003 3582.576660
4 236.198090,561.845337,1.527520 399.102539 4006.646729
4 236.747421,574.978882,1.540520 452.791504 4435.247070
4 239.719269,583.396423,1.505334 567.483887 4855.656250
4 240.157135,585.160461,1.505334 664.965637 4997.089355
4 240.552780,585.478210,1.513334 678.863403 5002.791016
4 237.076935,580.710144,1.556520 567.901306 4925.757812
4 238.052261,584.303528,1.539520 502.658630 4858.558594
4 238.278336,586.766602,1.539520 552.988403 5056.034668
4 245.071960,583.934387,1.435334 791.631592 5005.210938
