2 549.096436,236.687958,-0.110140 5612.517090 1103.775757
2 596.100220,290.695648,-0.166140 10863.121094 3475.981201
2 600.188110,279.935211,-0.108140 10857.356445 3698.510742
2 600.926819,271.880676,-0.108140 10932.410156 3218.142578
2 594.220215,282.335693,-0.147140 10824.894531 3357.703125
2 596.244751,293.412598,-0.166140 10771.202148 3714.350586
2 596.699707,296.245422,-0.166140 10817.432617 3883.300537
2 607.234131,270.371796,-0.070140 10986.314453 3537.921387
2 608.815552,259.209869,-0.070140 11146.982422 2872.229248
2 604.310669,257.486176,-0.077140 11074.763672 2849.220459
2 600.922729,264.313202,-0.094140 10962.584961 2905.930176
2 598.679199,277.732056,-0.138140 10891.784180 3236.239014
2 598.403503,282.112061,-0.138140 10863.775391 3497.459229
2 600.129883,277.150238,-0.119140 10891.450195 3431.225586
2 607.357910,259.244019,-0.055140 11029.502930 3093.113525
2 596.897278,278.936951,-0.156140 10951.321289 3041.148438
2 608.144043,267.424957,-0.059140 10983.813477 3416.567871
2 585.479187,293.954956,-0.229140 10787.121094 3312.564453
2 602.198486,258.899597,-0.051140 10739.002930 3572.068359
2 602.062988,259.882446,-0.113140 10999.052734 2571.312256
2 596.371643,218.529984,-0.004140 10866.708008 2476.326660
2 586.247009,213.105225,-0.085140 10637.460938 1380.950439
2 574.537476,205.539948,-0.100140 10329.736328 1612.939941
2 568.791748,197.910507,-0.108140 10105.227539 1216.371704
2 555.842651,182.673035,-0.075140 9843.705078 987.757568
2 535.638000,165.444763,-0.103140 9361.558594 464.368408
2 530.165161,167.939117,-0.148140 9038.041016 280.197021
2 521.589722,156.468307,-0.110140 8865.662109 270.705322
2 503.874969,130.869431,-0.097140 8476.756836 -362.039307
2 478.568237,107.429688,-0.102140 7859.254395 -1060.585449
2 465.561859,91.898041,-0.081140 7357.468262 -1569.629150
2 464.575928,88.053070,-0.101140 7218.617188 -1800.959351
2 451.409058,82.170387,-0.103140 7013.339844 -1878.614868
2 435.335449,67.405891,-0.084140 6585.655762 -2193.553711
2 423.100525,52.972092,-0.102140 6208.563965 -2630.230225
2 417.052795,45.862656,-0.101140 5981.614258 -2908.109863
2 414.248169,49.137779,-0.157140 5878.481445 -2927.429688
2 401.282959,40.419319,-0.106140 5643.338379 -2951.210938
2 392.118774,31.966316,-0.105140 5333.980469 -3278.101074
2 394.082031,31.423782,-0.106140 5272.123047 -3361.806152
2 389.007446,28.657738,-0.084140 5229.999023 -3376.577393
2 388.176849,27.258011,-0.084140 5145.610352 -3460.056152
2 388.142700,24.987793,-0.065140 5145.062988 -3490.360840
2 386.356171,25.025604,-0.082140 5115.983887 -3535.192139
2 386.088745,25.464386,-0.082140 5088.814453 -3509.021973
