Starting position (facing goal)
1.191699
1.336232
1.343527
1.339817
1.334144
1.338777
1.350842
1.355635
1.365570
1.375280
1.386784
1.397372
1.400585
1.413651
1.420721
1.407012
1.385992
1.356761
1.336023
1.319999
1.322607
1.351063
1.378558
1.376249
1.348278
1.319643
1.311665
1.329009
1.362837
1.402011
1.418009
1.408834
1.392787
1.379998
1.369049
1.357979
1.339926
1.321704
1.321722
1.339523
1.372844
1.406199
1.427843
1.423741
1.398888
1.372127
1.361630
1.364265
1.370936
1.389479
1.402428
1.417796
1.435015
1.435249
1.425708
1.413965
1.401286
1.388219
1.402151
1.428027
1.429206
1.416896
1.391179
1.367484
1.345116
1.330455
1.324894
1.314198
1.312449
1.321536
1.347624
1.379773
1.400186
1.410976
Turned left 90
3.153667
3.293682
3.360597
3.369230
3.381719
3.427741
3.487746
3.517879
3.525921
3.513507
3.474277
3.418940
3.349189
3.295487
3.258037
3.246286
3.257451
3.256014
3.257365
3.249092
3.224815
3.195487
3.188514
3.218471
3.270341
3.309403
3.328056
3.322113
3.304873
3.295649
3.268741
3.231686
3.186959
3.153554
3.147905
3.165279
3.205033
3.235052
3.231309
3.215734
3.214730
3.217340
3.230372
3.250906
3.270496
3.280293
3.281024
3.277282
3.249366
3.205920
3.154953
3.113225
3.114769
3.158365
3.228987
3.286414
3.312658
3.306504
3.248947
3.182966
3.156305
3.157209
3.164598
3.189849
3.215455
3.238068
3.253617
3.272985
3.280837
3.268858
3.290947
3.583315
3.886381
3.258846
Turned left 90 (now facing start)
-2.257422
-2.258494
-2.235976
-2.214314
-2.195528
-2.171896
-2.152152
-2.144662
-2.144048
-2.146318
-2.152356
-2.159033
-2.171055
-2.185410
-2.155222
-2.115423
-2.351698
Turned left 90
-0.611701
-0.505207
-0.513338
-0.504752
-0.490356
-0.462756
-0.454444
-0.464701
-0.481079
-0.500994
-0.508658
-0.517724
-0.527186
-0.522665
-0.504927
-0.469909
-0.438642
-0.422146
-0.414934
-0.419836
-0.416854
-0.412703
-0.411296
-0.418124
-0.439300
-0.457854
-0.458103
-0.452158
-0.437401
-0.412363
-0.385666
-0.370764
-0.376435
-0.390573
-0.413285
-0.439725
-0.457989
-0.467046
-0.462747
-0.463939
-0.481723
-0.524598

