1522.539673,284.049377,3.101000
2971.040283,831.533203,3.101000
2949.122314,864.151367,3.110000
2928.270264,927.020264,3.110000
2893.099121,916.487427,3.111000
2859.638672,896.185913,3.111000
2889.202393,852.695129,3.066000
2896.939941,787.897034,3.085000
2877.542725,824.570618,3.085000
2866.328613,850.733093,3.122000
2855.660156,901.159241,3.122000
2846.485352,877.375183,3.093000
2837.756348,831.533203,3.093000
2845.402100,831.872986,3.105000
2822.602783,824.373352,3.094000
2795.520508,881.367249,-3.104000
2775.567383,1006.902527,-3.129000
2713.402588,1020.534424,-3.085000
2555.382568,1085.455811,-3.079000
2342.972168,1060.767334,-3.057000
2183.699707,1052.218262,-3.097000
2019.124512,1010.787964,-3.095000
1754.513306,994.144653,3.131000
1567.880005,967.505371,3.121000
1478.537598,922.863586,3.040000
1314.882446,882.940308,3.094000
1060.515259,889.006836,3.110000
839.185425,896.136658,3.121000
682.726807,894.925476,3.129000
563.563110,903.902039,3.024000
404.300415,907.028503,3.024000
226.823730,910.382446,3.038000
170.086334,931.993652,3.038000
170.086334,931.993652,3.038000
170.086334,931.993652,3.038000
