2 -12.205902,215.965393,-0.045140 -3385.915283 827.156555
2 -43.910995,242.697372,-0.045140 -6607.179199 2421.438232
2 -46.951172,239.519516,-0.066140 -6655.916504 2379.018066
2 -50.040237,232.768173,-0.086140 -6744.491211 2225.434814
2 -51.028030,226.031555,-0.116140 -6794.144043 2028.063721
2 -51.117004,224.126709,-0.116140 -6803.182617 1914.459106
2 -47.985184,230.694092,-0.082140 -6752.975586 2002.124878
2 -46.452454,239.040939,-0.055140 -6688.174805 2244.694824
2 -46.292969,241.419586,-0.055140 -6671.968750 2386.554688
2 -43.851746,241.606628,-0.046140 -6632.833008 2389.051758
2 -47.411789,236.893051,-0.073140 -6658.546875 2329.867188
2 -48.001205,234.824768,-0.073140 -6718.433105 2206.516357
2 -46.078873,233.792557,-0.075140 -6687.615723 2192.737793
2 -47.523392,237.149887,-0.056140 -6686.080078 2216.939941
2 -47.783554,238.790375,-0.056140 -6712.512695 2314.776855
2 -48.093552,232.541687,-0.088140 -6717.482422 2231.364990
2 -48.596359,232.788696,-0.074140 -6729.525391 2109.876709
2 -49.912354,229.758636,-0.092140 -6756.482910 2128.195312
2 -44.935974,237.021759,-0.049140 -6692.729492 2139.286133
2 -35.015030,243.067413,-0.064140 -6467.354980 2402.073242
2 -28.424850,246.705719,-0.089140 -6244.226562 2492.819336
2 -17.783081,260.552460,-0.042140 -6006.606934 2732.115234
2 -7.306671,268.870087,-0.072140 -5712.019531 3096.169189
2 4.462814,278.645325,-0.031140 -5407.777832 3283.602539
2 64.377609,310.090912,0.000860 -4313.428223 3874.004150
2 71.653023,320.823822,-0.003140 -3447.264648 4571.624023
2 79.311546,323.936096,0.033860 -3343.549316 4588.355469
2 81.797600,323.257690,0.009860 -3202.457764 4652.156738
2 95.193848,326.778687,0.042860 -2970.960938 4654.179688
2 94.452492,329.421051,-0.017140 -2813.280273 4779.168945
2 107.928825,336.774261,0.024860 -2632.213867 4891.390137
2 128.521301,347.059845,0.030860 -2123.731445 5169.463379
2 140.011032,356.833984,0.029860 -1701.794312 5444.606934
2 155.064621,365.744385,0.049860 -1348.565186 5696.327148
2 157.128082,368.350983,0.049860 -1138.916382 5851.781738
2 157.128082,368.350983,0.049860 -1138.916382 5851.781738
2 157.128082,368.350983,0.049860 -1138.916382 5851.781738
2 157.128082,368.350983,0.049860 -1138.916382 5851.781738
2 157.128082,368.350983,0.049860 -1138.916382 5851.781738
2 200.960129,380.354767,0.059860 -436.229492 6012.016602
2 210.161148,389.295593,0.050860 274.307617 6371.079590
2 210.554611,390.918701,0.050860 314.285400 6467.880371
2 212.500671,391.319458,0.068860 345.483276 6473.229492
2 212.792786,391.492310,0.068860 375.163818 6483.540039
2 217.346420,392.475830,0.099860 448.164795 6496.668945
