140,-2039,-0.173000
210,-2054,-0.148000
97,-2014,-0.137000
-8,-2027,-0.191000
15,-1965,-0.190000
107,-1975,-0.141000
91,-1970,-0.161000
104,-2044,-0.163000
103,-2071,-0.176000
123,-2149,-0.149000
-25,-1817,-0.155000
24,-1789,-0.138000
-27,-2168,-0.116000
-66,-2072,-0.146000
30,-2035,-0.132000
-8,-2010,-0.152000
45,-2020,-0.144000
45,-2020,-0.144000
28,-1981,-0.102000
39,-1965,-0.137000
54,-1974,-0.134000
89,-1915,-0.129000
-11,-2003,-0.148000
75,-1959,-0.145000
150,-1985,-0.094000
53,-1972,-0.140000
45,-2013,-0.123000
-70,-1957,-0.155000
-81,-1979,-0.163000
63,-2015,-0.129000
78,-1951,-0.130000
32,-1984,-0.137000
18,-2007,-0.114000
3,-1975,-0.139000
-62,-1992,-0.163000
55,-1986,-0.126000
15,-2014,-0.146000
36,-2009,-0.141000
-33,-1990,-0.144000
24,-2032,-0.144000
-24,-2080,-0.140000
12,-2121,-0.129000
69,-2135,-0.116000
128,-1727,-0.082000
39,-1506,-0.154000
39,-2083,-0.211000
39,-2083,-0.211000
13,-1984,-0.179000
83,-2088,-0.188000
180,-2070,-0.168000
152,-2075,-0.165000
154,-2066,-0.154000
93,-2004,-0.192000
96,-1983,-0.171000
145,-2129,-0.165000
-21,-2042,-0.174000
-204,-1408,-0.238000
100,-479,-0.164000
1140,-405,-0.515000
-8,-1320,-0.161000
54,-1296,-0.140000
-29,-1436,-0.129000
61,-1376,-0.126000
88,-1627,-0.090000
84,-1561,-0.125000
23,-1489,-0.123000
88,-1569,-0.098000
21,-1535,-0.103000
72,-1535,-0.123000
96,-1494,-0.137000
4,-1512,-0.153000
325,-1361,-0.133000
34,-1340,-0.178000
78,-1028,-0.196000
184,-1142,-0.178000
182,-989,-0.172000
61,-636,-0.179000
146,-729,-0.169000
-89,-361,-0.182000
28,268,-0.178000
196,461,-0.196000
210,599,-0.163000
246,378,-0.215000
157,351,-0.212000
228,187,-0.190000
212,198,-0.213000
266,125,-0.209000
183,149,-0.198000
233,136,-0.234000
260,154,-0.213000
219,106,-0.168000
227,109,-0.243000
210,173,-0.235000
213,92,-0.191000
175,127,-0.196000
258,140,-0.192000
237,126,-0.198000
223,135,-0.214000
168,81,-0.185000
224,158,-0.219000
233,120,-0.202000
236,140,-0.222000
183,146,-0.213000
243,69,-0.231000
243,106,-0.253000
267,342,-0.193000
230,520,-0.175000
245,508,-0.172000
190,452,-0.169000
130,434,-0.141000
158,451,-0.148000
116,470,-0.130000
163,489,-0.148000
350,578,-0.164000
61,503,-0.159000
213,367,-0.169000
133,495,-0.189000
263,387,-0.215000
247,152,-0.179000
224,64,-0.236000
240,-5,-0.214000
210,33,-0.182000
247,65,-0.207000
264,-9,-0.210000
249,72,-0.218000
232,74,-0.233000
278,211,-0.205000
306,376,-0.150000
262,314,-0.164000
267,318,-0.184000
277,282,-0.178000
247,28,-0.199000
266,-14,-0.186000
244,-14,-0.203000
226,45,-0.175000
210,0,-0.167000
238,-26,-0.145000
202,-5,-0.156000
183,-46,-0.184000
214,-73,-0.205000
218,-32,-0.154000
226,-80,-0.201000
192,-1,-0.179000
196,9,-0.195000
200,-34,-0.190000
188,-16,-0.218000
206,-48,-0.196000
175,-41,-0.177000
180,-48,-0.240000
277,12,-0.183000
238,-37,-0.178000
253,-45,-0.171000
220,-64,-0.183000
202,-13,-0.198000
228,45,-0.170000
227,5,-0.158000
224,259,-0.154000
227,312,-0.191000
177,324,-0.166000
208,244,-0.161000
204,215,-0.190000
207,324,-0.158000
146,393,-0.157000
63,457,-0.130000
85,340,-0.154000
94,381,-0.172000
60,369,-0.132000
21,540,-0.151000
77,488,-0.159000
136,553,-0.220000
164,219,-0.240000
144,-8,-0.181000
156,68,-0.184000
156,3,-0.175000
110,74,-0.185000
160,75,-0.217000
134,89,-0.207000
182,143,-0.207000
156,68,-0.228000
94,126,-0.211000
166,98,-0.213000
133,90,-0.196000
158,85,-0.196000
119,278,-0.199000
82,289,-0.193000
166,292,-0.188000
135,492,-0.137000
151,500,-0.196000
150,529,-0.194000
166,438,-0.190000
167,250,-0.176000
179,102,-0.204000
203,29,-0.206000
202,60,-0.186000
137,58,-0.204000
170,132,-0.181000
166,256,-0.167000
45,295,-0.178000
59,250,-0.168000
140,273,-0.188000
110,344,-0.186000
336,378,-0.178000
630,699,-0.153000
119,483,-0.174000
-29,339,-0.160000
3,385,-0.187000
61,313,-0.149000
84,52,-0.187000
114,137,-0.189000
34,270,-0.147000
60,179,-0.169000
106,148,-0.194000
104,229,-0.230000
121,222,-0.151000
165,228,-0.195000
137,187,-0.136000
47,224,-0.171000
93,232,-0.187000
61,222,-0.175000
59,242,-0.186000
24,183,-0.161000
-13,128,-0.201000
45,178,-0.191000
-26,356,-0.162000
-54,433,-0.188000
-24,405,-0.123000
-93,371,-0.138000
-92,355,-0.140000
-70,383,-0.137000
-53,395,-0.137000
-3,419,-0.153000
-69,401,-0.132000
-24,417,-0.143000
49,215,-0.147000
90,19,-0.199000
124,-92,-0.188000
136,-79,-0.183000
54,15,-0.178000
189,203,-0.188000
140,307,-0.161000
86,-66,-0.142000
103,-136,-0.120000
74,-122,-0.128000
133,-99,-0.121000
97,284,-0.155000
53,503,-0.156000
-46,457,-0.150000
-9,386,-0.179000
13,301,-0.138000
-54,335,-0.170000
49,268,-0.156000
66,37,-0.195000
89,181,-0.209000
123,250,-0.183000
153,341,-0.233000
267,344,-0.165000
615,327,-0.118000
72,254,-0.114000
63,198,-0.125000
15,289,-0.126000
70,291,-0.106000
47,242,-0.105000
103,204,-0.062000
50,213,-0.039000
116,205,-0.036000
47,122,-0.062000
146,41,-0.033000
121,21,-0.031000
81,44,-0.054000
90,41,-0.068000
49,-60,-0.039000
114,-5,-0.086000
108,40,-0.061000
111,19,-0.049000
96,-30,-0.076000
114,-352,-0.044000
80,-383,-0.041000
180,-262,-0.036000
142,-239,-0.042000
128,-252,-0.044000
65,126,-0.048000
-10,82,-0.062000
-11,22,-0.042000
38,77,0.012000
-258,-59,-0.033000
-9,-20,-0.039000
36,-5,-0.038000
-37,-24,-0.073000
-77,-81,-0.066000
-47,-98,-0.053000
-10,-335,-0.070000
129,-326,-0.017000
141,-257,-0.045000
116,-313,-0.028000
12,-222,-0.001000
124,-261,-0.043000
76,-250,-0.029000
76,-249,-0.004000
111,-256,-0.029000
65,-245,-0.011000
113,-215,-0.008000
61,-222,-0.012000
25,-266,-0.029000
94,-185,-0.011000
64,-235,-0.007000
90,-228,-0.014000
63,-258,-0.006000
89,-246,-0.023000
66,-308,-0.007000
131,-214,-0.000000
89,-261,-0.016000
50,-273,-0.016000
85,-292,-0.054000
71,-261,-0.003000
54,-245,0.012000
81,-274,-0.000000
55,-252,-0.034000
60,-276,-0.014000
23,-284,-0.019000
69,-290,-0.030000
38,-250,-0.043000
69,-220,-0.036000
29,-232,-0.001000
96,-178,-0.013000
87,-283,-0.029000
106,-341,-0.034000
-2,-331,-0.015000
65,-368,-0.005000
76,-303,-0.037000
83,-385,-0.024000
140,-340,0.004000
110,-353,-0.021000
45,-313,-0.027000
135,-305,-0.011000
75,-358,-0.014000
22,-322,-0.026000
38,-334,-0.026000
92,-325,-0.038000
60,-327,-0.030000
50,-295,-0.025000
27,-258,-0.045000
85,-282,-0.031000
88,-278,0.014000
55,-320,-0.020000
-32,-351,0.004000
50,-326,-0.007000
98,-315,-0.011000
70,-337,-0.029000
173,-355,0.002000
60,-290,0.000000
98,-355,-0.040000
113,-334,-0.026000
103,-260,0.005000
65,-304,-0.024000
31,-308,-0.027000
52,-254,-0.036000
34,-251,-0.005000
10,-317,-0.009000
8,-229,-0.015000
37,-227,-0.027000
-12,-237,-0.019000
65,-285,-0.005000
88,-313,-0.012000
193,-209,0.004000
175,-229,-0.009000
276,-192,0.019000
256,-123,-0.013000
100,-221,-0.028000
-4,-216,0.006000
38,-270,-0.038000
-17,-252,-0.060000
21,-283,-0.009000
35,-217,-0.061000
5,-285,-0.037000
3,-278,-0.043000
-31,-225,-0.019000
26,-253,-0.069000
27,-254,-0.008000
-22,-254,-0.003000
58,-237,-0.009000
10,-223,0.012000
-15,-237,0.001000
42,-240,0.028000
69,-243,-0.016000
76,-252,-0.009000
20,-276,-0.032000
-5,-244,-0.017000
-28,-243,-0.011000
-30,-218,-0.043000
-14,-271,-0.043000
-41,-203,-0.042000
-47,-227,-0.031000
-9,-238,-0.020000
-42,-252,-0.059000
-21,-218,0.001000
-36,-217,-0.021000
-63,-215,0.010000
-88,-247,-0.009000
-10,-250,-0.004000
-31,-217,-0.023000
-16,-229,-0.004000
-29,-240,-0.003000
-36,-199,-0.015000
-31,-252,0.004000
-1,-258,0.007000
-7,-240,-0.010000
-57,-228,-0.002000
-58,-157,0.002000
-215,203,-0.007000
-236,478,0.006000
-180,348,-0.031000
-184,255,0.025000
-128,72,0.022000
-173,92,0.034000
-127,28,0.023000
-106,77,0.027000
-66,125,0.004000
-186,223,0.026000
-160,190,0.014000
-142,287,0.019000
-200,268,0.057000
-191,302,0.036000
-224,393,0.026000
-166,428,-0.019000
-171,401,0.012000
-227,347,-0.027000
-181,328,-0.006000
-183,377,-0.005000
-152,416,0.018000
-141,381,-0.008000
-129,461,-0.003000
-203,453,-0.003000
-216,391,0.039000
-167,388,-0.042000
-157,289,-0.008000
-198,253,0.034000
-198,253,0.034000
-191,280,0.026000
-116,353,-0.003000
-111,349,0.019000
-157,361,0.004000
-221,335,0.018000
-144,388,0.001000
-139,381,0.035000
-127,352,-0.006000
-121,385,-0.016000
-115,410,-0.003000
-138,414,-0.009000
-122,362,0.006000
-146,388,-0.006000
-136,371,0.033000
-206,475,-0.025000
-186,633,-0.007000
-187,583,-0.003000
-163,522,0.033000
-191,505,-0.015000
-191,505,-0.015000
-146,522,0.019000
-67,550,0.004000
66,176,0.009000
141,422,0.000000
168,421,0.011000
21,224,0.015000
136,291,0.030000
490,180,0.007000
-48,247,0.009000
-195,278,-0.047000
-160,205,-0.022000
-127,28,-0.018000
-137,-139,-0.016000
-157,-165,-0.029000
-102,-119,-0.031000
-128,-180,-0.001000
-126,-141,-0.011000
-160,-245,-0.032000
-153,-199,-0.034000
-115,-159,-0.044000
-196,-171,-0.043000
-196,-171,-0.043000
-168,-202,-0.057000
-195,-214,-0.054000
-157,-142,-0.075000
-167,-160,-0.034000
-136,-146,-0.028000
-111,-101,-0.010000
-97,-88,-0.054000
-132,-79,-0.028000
-132,-79,-0.028000
-165,-148,-0.056000
-140,-144,-0.027000
-192,-117,-0.045000
-162,-125,-0.060000
-139,-219,0.014000
-153,-200,0.002000
-122,-212,-0.003000
-118,-226,-0.023000
-126,-168,-0.020000
-156,-185,0.007000
-123,-208,0.031000
-122,-253,0.040000
-63,-219,-0.031000
-65,-209,0.015000
-105,-236,-0.018000
-84,-188,-0.007000
-89,-203,-0.019000
-84,-175,-0.013000
-98,-172,-0.006000
-55,-224,-0.006000
-66,-159,-0.013000
-67,-168,-0.003000
-82,-109,-0.029000
-124,-100,-0.006000
-141,-105,-0.025000
-66,-83,-0.028000
-84,-116,-0.008000
-88,-127,-0.018000
-33,-97,-0.001000
-83,-58,0.020000
-88,-75,0.025000
-145,23,0.009000
-73,-43,-0.008000
-63,-31,-0.020000
-136,-6,-0.002000
-98,-26,-0.018000
-101,-9,0.008000
-91,-55,0.016000
-66,-44,-0.026000
-78,-62,-0.003000
-65,-8,-0.035000
-54,2,0.010000
-74,183,-0.016000
-49,51,-0.019000
-74,38,-0.003000
-98,123,0.007000
-75,99,0.004000
-88,97,-0.018000
-101,108,-0.014000
-167,24,0.011000
-98,-90,-0.034000
-33,-208,0.003000
-150,125,-0.060000
89,-228,-0.040000
-33,-269,-0.017000
-31,-359,-0.022000
32,-316,-0.042000
-68,-223,-0.046000
-99,368,0.004000
-6,15,0.052000
-175,-351,0.012000
-193,-233,0.032000
-156,-256,0.021000
-172,-195,0.053000
-136,-155,0.035000
-141,-161,0.038000
-181,-184,0.058000
-157,-220,0.068000
-177,-210,0.069000
-154,-172,0.024000
-126,-185,0.042000
-71,-118,0.059000
-38,-132,0.044000
-44,-126,0.061000
-110,-154,0.051000
-129,-136,0.032000
-101,-82,0.032000
-73,-154,0.034000
-88,-87,0.046000
-82,-160,0.034000
-36,-149,-0.001000
-81,-139,0.023000
-100,-117,0.036000
-98,-133,0.025000
-103,-110,0.030000
-62,-89,-0.021000
-86,-127,0.021000
-76,-131,0.027000
-79,-159,0.025000
-44,-115,0.011000
-117,-154,0.010000
-89,-166,0.024000
-71,-158,0.004000
-58,-115,0.015000
-86,-123,0.002000
-151,-109,0.011000
-95,-109,0.027000
-144,-169,0.032000
-46,-123,0.020000
-129,-115,0.005000
-130,-149,0.024000
-131,-117,0.029000
-80,-144,-0.001000
-107,-140,0.005000
-108,-163,0.025000
-95,-223,0.012000
-51,-160,0.007000
-52,-141,-0.020000
-89,-150,0.004000
-116,-178,0.014000
-80,-251,0.008000
-137,-271,0.012000
-126,-284,0.031000
-162,-347,0.029000
-162,-347,0.029000
-76,-171,0.027000
-111,-189,0.054000
-126,-167,0.074000
-119,-144,0.060000
-105,-128,0.086000
-50,-152,0.098000
-113,-166,0.083000
-102,-131,0.095000
-109,-208,0.081000
-98,-215,0.075000
-63,114,0.063000
-83,237,0.039000
-69,231,0.023000
-32,143,0.051000
-15,137,0.050000
-31,147,0.019000
-67,178,0.041000
-53,210,0.048000
-40,155,0.045000
-32,217,0.071000
27,172,0.045000
-68,241,0.052000
-80,176,0.079000
-48,196,0.035000
-64,157,0.050000
-31,222,0.084000
-90,323,0.024000
-19,287,0.051000
-76,290,0.026000
-39,301,0.041000
-120,303,-0.016000
-74,262,0.037000
-55,166,0.003000
-93,-45,0.059000
-77,-92,0.043000
-74,-147,0.054000
-49,-96,0.089000
-69,-44,0.055000
-76,-15,0.059000
-34,39,0.077000
-73,173,0.074000
-69,284,0.014000
-53,549,0.031000
-64,586,0.054000
-50,628,0.023000
-88,587,0.022000
-51,508,0.028000
-36,600,-0.004000
-109,461,0.026000
-134,303,-0.020000
-189,310,-0.006000
-70,351,-0.002000
-152,335,-0.012000
-119,292,-0.024000
-68,270,-0.014000
-106,223,0.016000
-90,129,-0.008000
-44,-95,0.018000
-44,-95,0.018000
-36,-308,-0.018000
-110,118,-0.015000
-90,-85,-0.043000
-130,-333,0.034000
884,-330,0.097000
-6,-338,-0.031000
-62,-295,-0.005000
-71,-78,-0.034000
-47,83,-0.018000
-65,18,-0.003000
-65,18,-0.003000
-93,558,0.030000
-92,573,0.072000
-131,585,0.024000
-72,478,-0.004000
-72,478,-0.004000
-7,626,-0.007000
-7,626,-0.007000
-83,592,0.042000
-83,571,0.011000
-62,414,0.022000
-7,205,-0.022000
-64,176,0.018000
-51,111,-0.017000
-21,-34,0.003000
-29,58,-0.003000
-64,183,-0.009000
-49,415,0.019000
-91,489,0.039000
-87,248,0.025000
-18,-3,0.044000
-64,-22,0.069000
-52,140,0.026000
15,286,0.018000
-12,407,0.026000
-70,537,0.010000
-1,658,-0.007000
-40,567,0.015000
-50,584,0.011000
-29,567,0.001000
-30,524,-0.008000
-81,496,-0.000000
-64,546,0.002000
-70,592,-0.039000
-64,465,-0.013000
-87,507,-0.008000
0,508,-0.029000
-56,480,0.018000
-54,473,-0.028000
-78,427,0.009000
-79,468,-0.000000
-70,473,-0.010000
-94,490,-0.052000
-75,498,-0.014000
-91,495,-0.002000
-49,537,-0.019000
-40,496,-0.018000
-114,459,-0.034000
-79,374,0.000000
-88,107,0.001000
-98,40,0.012000
-55,45,0.018000
-143,78,0.032000
-87,185,0.028000
-119,418,0.007000
-139,433,0.008000
-105,451,-0.012000
-88,445,-0.017000
-176,396,-0.000000
-111,392,0.001000
-111,392,0.001000
-104,48,0.027000
-56,46,0.018000
-82,21,0.012000
-59,99,-0.015000
-93,230,0.009000
-50,275,0.007000
-58,427,0.015000
-91,430,0.029000
-126,440,-0.012000
-108,363,0.010000
-153,362,0.000000
-81,334,-0.031000
-137,387,-0.019000
-140,332,0.001000
-78,334,-0.023000
-67,347,-0.023000
-58,323,0.013000
-75,253,-0.023000
-80,352,-0.016000
-37,398,0.005000
-119,416,0.022000
-41,396,-0.013000
-33,440,-0.018000
-123,442,-0.000000
-132,427,-0.008000
-43,413,-0.012000
-110,407,-0.008000
-106,353,0.005000
-69,360,0.009000
-144,368,-0.021000
-53,317,-0.001000
-16,312,0.021000
-32,308,0.038000
-38,247,0.017000
-44,360,0.017000
-46,533,0.030000
-84,649,0.034000
8,597,-0.003000
-82,581,0.005000
-66,479,0.029000
-52,515,0.011000
-107,496,0.016000
-75,541,0.016000
-88,609,-0.011000
-110,537,0.017000
-112,540,0.056000
-145,467,0.003000
-25,496,-0.011000
-43,476,-0.014000
-77,485,-0.010000
-66,419,-0.022000
-40,282,-0.019000
-98,146,-0.012000
-72,27,0.028000
-138,-39,-0.042000
-189,-16,-0.030000
-166,-9,-0.040000
-132,45,-0.029000
-173,44,-0.008000
-162,74,-0.015000
-68,414,-0.009000
-44,191,-0.066000
-44,191,-0.066000
-9,148,-0.010000
31,390,-0.034000
-14,408,-0.004000
12,395,-0.035000
-14,346,-0.010000
-59,-42,0.064000
-41,-199,0.033000
-250,-357,0.001000
-198,-252,0.016000
-230,-282,0.020000
-178,-247,-0.004000
-119,-165,-0.018000
-101,-168,-0.006000
-17,-111,-0.020000
-105,-150,-0.015000
-70,-168,0.004000
-103,-118,0.028000
-91,-136,0.022000
-97,-130,0.031000
-128,-187,0.039000
-86,-124,0.017000
-122,-155,0.016000
-122,-147,0.047000
-114,-180,0.008000
-88,-195,-0.011000
-125,-210,-0.016000
-138,-157,0.008000
-149,-193,-0.023000
-108,-192,-0.031000
-114,-131,0.012000
-113,-209,-0.005000
-76,-169,-0.023000
-133,-148,-0.006000
-112,-128,0.004000
-91,-172,-0.010000
-89,-152,-0.023000
-143,-185,-0.007000
-124,-173,-0.034000
-102,-168,-0.009000
-139,-202,-0.035000
-136,-244,0.008000
-52,-203,0.012000
-120,-211,0.010000
-97,-245,-0.026000
-84,-202,0.001000
-94,-221,-0.014000
-83,-264,0.021000
-65,-197,0.011000
-70,-169,-0.002000
-135,-216,-0.009000
-85,-212,-0.007000
-89,-163,-0.013000
-123,-206,0.024000
-105,-205,-0.006000
-180,-210,-0.004000
-159,-184,0.013000
-134,-179,0.006000
-137,-174,-0.019000
-58,-199,0.008000
-101,-197,-0.004000
-73,-211,0.023000
-119,-229,-0.028000
-53,-188,0.003000
-100,-216,0.018000
-101,-185,0.023000
-130,-171,0.022000
-98,-188,-0.005000
-156,-188,-0.032000
-87,-197,-0.008000
-160,-233,-0.013000
-136,-241,0.007000
-112,-293,0.002000
-155,-251,-0.004000
-160,-263,-0.016000
-173,-281,-0.029000
-125,-222,-0.051000
-165,-255,-0.018000
-116,-251,0.004000
-183,-276,-0.018000
-95,-254,-0.010000
-124,-266,-0.011000
-101,-246,0.004000
-123,-252,0.030000
-124,-202,-0.038000
-65,-230,-0.039000
-156,-217,-0.032000
-97,-189,-0.044000
-113,-219,-0.007000
-69,-144,-0.030000
-123,-132,-0.047000
-118,-212,-0.024000
-110,-212,-0.011000
-122,-174,-0.006000
-136,-192,-0.022000
-111,-214,0.003000
-124,-202,-0.012000
-117,-144,-0.021000
-75,-148,-0.050000
-104,-155,-0.033000
-97,-200,-0.020000
-132,-177,-0.036000
-124,-153,-0.045000
-109,-180,-0.041000
-73,-182,-0.035000
-100,-128,-0.013000
-189,-210,-0.015000
-179,-233,-0.023000
-150,-202,-0.026000
-186,-226,-0.009000
-133,-176,-0.012000
-163,-174,-0.021000
-119,-205,0.011000
-155,-208,-0.045000
-158,-248,0.006000
-146,-165,-0.025000
-147,-221,-0.011000
-123,-212,0.007000
-126,-250,0.000000
-172,-211,0.010000
-206,-236,-0.015000
-234,-348,-0.011000
-254,-360,-0.009000
-243,-373,-0.007000
-235,-376,0.010000
-223,-373,-0.023000
-204,-334,-0.022000
-125,-336,-0.029000
-220,-395,-0.036000
-206,-355,-0.023000
-196,-296,0.017000
-225,-318,-0.033000
-186,-335,-0.010000
-206,-383,0.017000
-215,-331,0.040000
-179,-309,-0.012000
-227,-293,-0.021000
-191,-305,0.002000
-198,-294,-0.011000
-194,-341,0.002000
-146,-291,-0.030000
-216,-284,-0.008000
-194,-278,-0.022000
-188,-297,-0.030000
-193,-309,-0.002000
-174,-340,0.004000
-197,-289,-0.019000
-195,-313,0.016000
-207,-283,-0.005000
-162,-263,0.008000
-149,-226,-0.014000
-171,-228,-0.007000
-111,-215,-0.016000
-85,-178,-0.027000
-68,-252,-0.021000
-103,-276,-0.003000
-120,-270,-0.019000
-111,-300,0.021000
-80,-212,-0.017000
-95,-242,-0.002000
-107,-318,-0.010000
-119,-242,-0.003000
-142,-209,-0.044000
-113,-253,-0.023000
-139,-224,-0.027000
-114,-216,-0.011000
-115,-217,-0.020000
-180,-209,-0.030000
-139,-203,-0.039000
-165,-251,-0.020000
-157,-235,-0.030000
-109,-229,-0.032000
-160,-214,-0.034000
-154,-259,-0.035000
-212,-253,-0.037000
-155,-265,-0.013000
-119,-233,-0.004000
-167,-241,-0.007000
-91,-257,-0.016000
-85,-231,-0.028000
-125,-236,-0.036000
-109,-218,-0.029000
-117,-235,-0.025000
-124,-258,-0.064000
-95,-257,-0.023000
-51,-234,-0.011000
-133,-241,-0.023000
-114,-263,-0.005000
-100,-245,-0.030000
-57,-247,-0.024000
-155,-331,-0.028000
-104,-295,0.006000
-124,-283,-0.009000
-164,-267,-0.031000
-129,-255,-0.034000
-153,-233,-0.022000
-94,-262,-0.022000
-142,-220,-0.026000
-99,-293,-0.007000
-115,-259,-0.053000
-168,-277,-0.020000
-141,-266,-0.015000
-118,-316,-0.023000
-153,-265,-0.050000
-97,-274,-0.045000
-198,-308,-0.048000
-144,-329,-0.027000
-172,-255,-0.031000
-148,-298,-0.025000
-103,-273,-0.060000
-185,-318,-0.038000
-166,-331,-0.030000
-162,-319,-0.062000
-139,-286,-0.038000
-187,-290,-0.021000
-194,-323,-0.050000
-192,-326,-0.070000
-181,-332,-0.023000
-199,-291,-0.018000
-200,-333,0.007000
-160,-335,-0.029000
-183,-305,-0.026000
-170,-354,0.017000
-163,-286,-0.001000
-168,-309,-0.002000
-151,-292,-0.040000
-142,-359,-0.012000
-181,-318,-0.024000
-177,-325,-0.012000
-145,-230,-0.064000
-179,-265,-0.036000
-125,-216,-0.032000
-165,-320,0.022000
-131,-220,-0.002000
-207,-261,-0.020000
-147,-282,0.007000
-221,-286,-0.038000
-179,-269,0.011000
-184,-312,0.008000
-198,-333,0.007000
-244,-386,0.002000
-288,-405,0.013000
-302,-498,0.026000
-305,-483,0.023000
-249,-460,0.011000
-146,-444,0.046000
-188,-421,0.084000
-191,-447,0.064000
-222,-535,0.015000
-253,-469,-0.011000
-260,-477,0.011000
-276,-421,-0.012000
-237,-372,-0.018000
-244,-321,-0.014000
-231,-342,-0.031000
-161,-258,-0.022000
-180,-312,-0.010000
-87,-245,0.006000
-123,-257,0.001000
-124,-266,0.006000
-173,-273,-0.007000
-165,-271,-0.005000
-146,-290,-0.012000
-212,-328,-0.025000
-219,-324,-0.042000
-177,-323,-0.011000
-197,-328,-0.035000
-235,-375,-0.025000
-247,-489,0.009000
-305,-550,-0.009000
-314,-589,-0.017000
-271,-513,-0.002000
-222,-445,-0.012000
-190,-380,-0.019000
-208,-419,-0.006000
-201,-371,-0.001000
-175,-327,-0.005000
-233,-308,-0.024000
-216,-339,-0.036000
-201,-365,0.038000
-287,-413,0.011000
-244,-466,0.032000
-212,-434,0.049000
-230,-423,0.048000
-257,-404,0.054000
-258,-377,0.040000
-265,-476,0.054000
-326,-476,0.029000
-297,-395,0.022000
-283,-455,0.021000
-333,-514,0.059000
-284,-479,0.044000
-239,-415,0.040000
-289,-516,0.052000
-287,-519,0.017000
-268,-500,0.029000
-318,-485,0.063000
-300,-509,0.032000
-327,-462,0.031000
-292,-473,0.034000
-264,-498,0.032000
-270,-509,0.052000
-282,-462,0.027000
-296,-487,0.049000
-249,-408,0.018000
-245,-377,0.040000
-337,-491,0.006000
-325,-455,-0.017000
-289,-460,-0.035000
-314,-442,-0.002000
-299,-319,-0.009000
-269,-311,-0.015000
-243,-314,-0.030000
-203,-278,-0.026000
-175,-356,-0.030000
-188,-350,-0.022000
-213,-313,-0.020000
-181,-333,-0.009000
-247,-277,-0.039000
-224,-341,0.019000
-241,-350,-0.001000
-204,-396,-0.008000
-245,-389,-0.040000
-176,-419,-0.006000
-258,-367,-0.058000
-279,-431,-0.023000
-282,-355,-0.038000
-229,-412,-0.044000
-259,-421,-0.014000
-307,-420,-0.031000
-252,-397,-0.072000
-207,-388,-0.037000
-216,-361,-0.042000
-196,-383,-0.014000
-217,-392,-0.026000
-235,-373,-0.042000
-257,-418,-0.034000
-224,-396,-0.035000
-289,-391,-0.030000
-251,-403,-0.060000
-287,-356,-0.054000
-346,-362,-0.022000
-211,-370,-0.027000
-240,-373,-0.035000
-224,-377,-0.024000
-226,-355,-0.059000
-276,-353,-0.038000
-263,-400,0.011000
-273,-414,0.007000
-252,-400,-0.026000
-293,-377,-0.007000
