1328215378882
1328215379248
1328215379611
1328215379975
1328215380365
1328215380740
1328215381147
1328215381511
1328215381829
1328215382184
1328215382555
1328215382921
1328215383299
1328215383669
1328215384047
1328215384449
1328215384816
1328215385165
1328215385541
1328215385916
1328215386338
1328215386704
1328215387106
1328215387481
1328215387847
1328215388210
1328215388594
1328215388940
1328215389316
1328215389677
1328215390045
1328215390468
1328215390833
1328215391207
1328215391578
1328215391988
1328215392326
1328215392685
1328215393088
1328215393454
1328215393812
1328215394185
1328215394549
1328215394934
1328215395296
1328215395655
1328215396021
1328215396392
1328215396763
1328215397122
1328215397486
1328215397856
1328215398209
1328215398596
1328215399081
1328215399443
1328215399849
1328215400214
1328215400583
1328215400946
1328215401303
1328215401651
1328215402058
1328215402463
1328215402849
1328215403222
1328215403626
1328215404001
1328215404418
1328215404802
1328215405207
1328215405585
1328215405986
1328215406355
1328215406732
1328215407095
1328215407469
1328215407835
1328215408197
1328215408582
1328215408977
1328215409337
1328215409941
1328215410306
1328215410720
1328215411093
1328215411457
1328215411818
1328215412209
1328215412673
1328215413043
1328215413418
1328215413785
1328215414188
1328215414542
1328215414901
1328215415289
1328215415657
1328215416029
1328215416393
1328215416763
1328215417190
1328215417556
1328215417910
1328215418279
1328215418650
1328215419015
1328215419387
1328215419754
1328215420166
1328215420596
1328215420971
1328215421354
1328215421744
1328215422111
1328215422492
1328215422869
1328215423229
1328215423644
1328215424015
1328215424426
1328215424790
1328215425154
1328215425529
1328215425902
1328215426305
1328215426690
1328215427048
1328215427417
1328215427785
1328215428153
1328215428524
1328215428899
1328215429402
1328215429775
1328215430134
1328215430508
1328215430893
1328215431253
1328215431632
1328215431984
1328215432332
1328215432726
1328215433089
1328215433456
1328215433929
1328215434351
1328215434730
1328215435136
1328215435509
1328215435882
1328215436241
1328215436622
1328215437033
1328215437412
1328215437816
1328215438177
1328215438553
1328215438938
1328215439297
1328215439712
1328215440084
1328215440486
1328215440863
1328215441233
1328215441602
1328215442067
1328215442454
1328215442883
1328215443242
1328215443636
1328215444018
1328215444387
1328215444759
1328215445145
1328215445552
1328215445931
1328215446327
1328215446701
1328215447108
1328215447503
1328215447903
1328215448286
1328215451676
1328215452024
1328215452406
1328215452777
1328215453138
1328215453501
1328215453891
1328215454276
1328215454665
1328215455003
1328215455348
1328215455706
1328215456091
1328215456468
1328215456926
1328215457299
1328215457662
1328215458030
1328215458394
1328215458779
1328215459140
1328215459505
1328215459868
1328215460226
1328215460589
1328215460965
1328215461321
1328215461676
1328215462082
1328215462442
1328215462807
1328215463177
1328215463537
1328215463923
1328215464295
1328215464669
1328215465078
1328215465443
1328215465811
1328215466182
1328215466554
1328215467007
1328215467367
1328215467746
1328215468111
1328215468450
1328215468845
1328215469198
1328215469564
1328215469967
1328215470336
1328215470735
1328215471100
1328215471534
1328215471877
1328215472234
1328215472640
1328215473010
1328215473369
1328215473738
1328215474102
1328215474461
1328215474842
1328215475197
1328215475557
1328215475944
1328215476326
1328215476726
1328215480090
1328215480451
1328215480829
1328215481171
1328215481528
1328215481934
1328215482303
1328215482707
1328215483078
1328215483447
1328215483818
1328215484159
1328215484515
1328215484915
1328215485273
1328215485644
1328215486016
1328215486378
1328215486754
1328215487143
1328215487496
1328215487853
1328215488226
1328215488579
1328215488941
1328215489327
1328215489692
1328215490060
1328215490442
1328215490816
1328215491160
1328215491540
1328215491927
1328215492327
1328215495698
1328215496106
1328215496471
1328215496839
1328215497201
1328215497563
1328215497931
1328215498307
1328215498665
1328215499015
1328215499412
1328215499777
1328215500195
1328215500545
1328215500906
1328215501306
1328215501665
1328215502031
1328215502414
1328215502785
1328215503196
1328215503566
1328215503976
1328215504337
1328215504701
1328215505137
1328215505499
1328215505875
1328215506232
1328215506584
1328215506965
1328215507319
1328215507680
1328215508091
1328215508467
1328215508875
1328215509247
1328215509648
1328215510018
1328215510380
1328215510755
1328215511130
1328215511541
1328215511907
1328215512298
1328215512663
1328215513043
1328215513439
1328215513813
1328215514216
1328215514591
1328215514960
1328215515340
1328215515712
1328215516106
1328215519483
1328215519887
1328215520237
1328215520615
1328215520984
1328215521351
1328215521721
1328215522085
1328215522456
1328215522819
1328215523252
1328215523611
1328215523977
1328215524343
1328215524710
1328215525087
1328215525450
1328215525812
1328215526195
1328215526556
1328215526927
1328215527298
1328215527675
1328215528091
1328215528460
1328215528868
1328215529248
1328215529606
1328215529982
1328215530350
1328215530754
1328215531152
1328215531549
1328215531942
1328215532335
1328215532713
1328215533118
1328215533482
1328215533847
1328215534227
1328215534589
1328215535004
1328215535386
1328215535751
1328215536122
1328215536491
1328215536910
1328215537276
1328215537685
1328215538049
1328215538412
1328215538799
1328215539165
1328215539534
1328215539893
1328215540243
1328215540606
1328215540997
1328215541373
1328215541720
1328215542107
1328215542474
1328215542885
1328215543260
1328215543636
1328215544005
1328215544366
1328215544727
1328215545095
1328215545455
1328215545816
1328215546243
1328215546604
1328215546985
1328215547363
1328215547769
1328215548894
1328215549272
1328215549677
1328215550040
1328215550450
1328215550829
1328215551190
1328215551556
1328215551923
1328215552334
1328215552714
1328215553070
1328215553501
1328215553907
1328215554273
1328215554651
1328215555026
1328215555393
1328215555810
1328215556176
1328215556546
1328215556913
1328215557288
1328215557654
1328215558018
1328215558383
1328215558761
1328215559116
1328215559593
1328215559952
1328215560313
1328215560706
1328215561081
1328215561530
1328215561907
1328215562304
1328215562668
1328215563056
1328215563424
1328215563786
1328215564160
1328215564522
1328215564896
1328215565309
1328215565682
1328215566219
1328215566581
1328215566946
1328215567316
1328215567686
1328215568110
1328215568479
1328215568886
1328215569273
1328215569666
1328215570025
1328215570414
1328215570778
1328215571139
1328215571511
1328215571881
1328215572258
1328215572622
1328215572997
1328215573363
1328215573713
1328215574076
1328215574441
1328215574815
1328215575198
1328215575600
1328215575967
1328215576333
1328215576702
1328215577075
1328215577436
1328215577806
1328215578175
1328215578548
1328215578957
1328215579341
1328215579703
1328215580078
1328215580449
1328215580855
1328215581211
1328215581645
1328215582034
1328215582429
1328215582793
1328215583219
1328215583599
1328215584005
1328215584391
1328215584800
1328215585166
1328215585524
1328215585894
1328215586258
1328215586625
1328215587001
1328215587375
1328215587789
1328215588166
1328215588569
1328215588956
1328215589365
1328215589730
1328215590097
1328215590476
1328215590852
1328215591258
1328215591627
1328215592042
1328215592397
1328215592761
1328215593146
1328215593534
1328215593929
1328215594301
1328215594706
1328215595071
1328215595427
1328215595831
1328215596182
1328215596544
1328215596916
1328215597279
1328215597639
1328215598018
1328215598392
1328215598768
1328215599143
1328215599518
1328215599920
1328215600306
1328215600709
1328215601081
1328215601530
1328215601926
1328215602299
1328215602663
1328215603095
1328215603494
1328215603888
1328215604255
1328215604636
1328215604999
1328215605391
1328215605809
1328215606210
1328215606573
1328215606941
1328215607320
1328215607711
1328215608118
1328215608475
1328215608900
1328215609261
1328215609630
1328215609995
1328215610358
1328215610731
1328215611127
1328215611496
1328215611949
1328215612356
1328215612712
1328215613080
1328215613456
1328215613828
1328215614180
1328215614565
1328215614930
1328215615348
1328215615700
1328215616090
1328215616470
1328215616830
1328215617241
1328215617616
1328215617981
1328215618366
1328215618727
1328215619131
1328215619522
1328215619931
1328215620321
1328215620707
1328215621072
1328215621511
1328215621873
1328215622286
1328215622657
1328215623060
1328215623423
1328215623788
1328215624176
1328215624539
1328215624956
1328215625330
1328215625736
1328215626085
1328215626443
1328215626848
1328215627205
1328215627573
1328215627991
1328215628365
1328215628755
1328215629130
1328215629517
1328215629906
1328215630335
1328215630715
1328215631109
1328215631474
1328215631879
1328215632241
1328215632613
1328215632986
1328215633363
1328215633769
1328215634165
1328215634558
1328215634919
1328215635293
1328215635661
1328215636029
1328215636400
1328215636793
1328215637170
1328215637559
1328215637954
1328215638345
1328215638740
1328215639117
1328215639483
1328215639849
1328215640227
1328215640624
1328215641020
1328215641406
1328215641802
1328215642162
1328215642533
1328215642912
1328215643279
1328215643692
1328215644088
1328215644479
1328215644851
1328215645214
1328215645586
1328215645940
1328215646322
1328215646695
1328215647098
1328215647468
1328215647826
1328215648229
1328215648584
1328215648963
1328215649377
1328215649744
1328215650153
1328215650523
1328215650932
1328215651290
1328215651657
1328215652032
1328215652396
1328215652810
1328215653170
1328215653543
1328215653940
1328215654317
1328215654701
1328215655072
1328215655435
1328215655812
1328215656183
1328215656592
1328215656992
1328215657392
1328215657759
1328215658217
1328215658577
1328215658956
1328215659327
1328215659691
1328215660064
1328215660459
1328215660851
1328215661202
1328215661657
1328215662033
1328215662420
1328215662796
1328215663207
1328215663590
1328215663996
1328215664358
1328215664732
1328215665116
1328215665479
1328215665891
1328215666257
1328215666613
1328215666994
1328215667372
1328215667714
1328215668090
1328215668467
1328215668879
1328215669259
1328215669627
1328215669989
1328215670410
1328215670790
1328215671134
1328215671493
1328215671868
1328215672241
1328215672606
1328215672981
1328215673352
1328215673757
1328215674112
1328215674478
1328215674861
1328215675231
1328215675597
1328215675960
1328215676333
1328215676697
1328215677072
1328215677471
1328215677848
1328215678239
1328215678647
1328215679114
1328215679489
1328215679898
1328215680308
1328215680689
1328215681083
1328215681475
1328215681845
1328215682260
1328215682638
1328215683053
1328215683436
1328215683841
1328215684310
1328215684713
1328215685120
1328215685511
1328215685927
1328215686351
1328215686749
1328215687147
1328215687539
1328215687929
1328215688302
1328215688672
1328215689070
1328215689433
1328215689822
1328215690194
1328215690607
1328215690971
1328215691402
1328215691776
1328215692180
1328215692542
1328215692968
1328215693347
1328215693722
1328215694099
1328215694474
1328215694861
1328215695229
1328215695593
1328215695966
1328215696382
1328215696755
1328215697158
1328215697539
1328215697919
1328215698323
1328215698694
1328215699062
1328215699436
1328215699804
1328215700213
1328215700582
1328215700947
1328215701338
1328215701692
1328215702099
1328215702480
1328215702889
1328215703245
1328215703612
1328215704004
1328215704422
1328215704793
1328215705181
1328215705570
1328215705931
1328215706349
1328215706753
1328215707139
1328215707514
1328215707941
1328215708313
1328215708673
1328215709045
1328215709412
1328215709823
1328215710213
1328215710613
1328215710991
1328215711392
1328215711776
1328215712176
1328215712556
1328215712958
1328215713318
1328215713695
1328215714090
1328215714466
1328215714861
1328215715330
1328215715701
1328215716061
1328215716446
1328215716819
1328215717227
1328215717590
1328215717999
1328215718356
1328215718720
1328215719099
1328215719468
1328215719829
1328215720206
1328215720585
1328215721003
1328215721371
1328215721725
1328215722110
1328215722621
1328215723051
1328215723414
1328215723841
1328215724237
1328215724621
1328215724996
1328215725405
1328215725781
1328215726214
1328215726669
1328215727057
1328215727458
1328215727818
1328215728207
1328215728640
1328215729051
1328215729428
1328215729817
1328215730212
1328215730649
1328215731027
1328215731437
1328215731857
1328215732224
1328215732654
1328215733044
1328215733429
1328215733802
1328215734222
1328215734621
1328215735020
1328215735401
1328215735801
1328215736154
1328215736555
1328215736926
1328215737317
1328215737747
1328215738168
1328215738546
1328215738953
1328215739336
1328215739751
1328215740113
1328215740525
1328215740910
1328215741311
1328215741682
1328215742099
1328215742471
1328215742821
1328215743201
1328215743560
1328215743925
1328215744303
1328215744675
1328215745048
1328215745422
1328215745786
1328215746197
1328215746582
1328215746973
1328215747332
1328215747761
1328215748126
1328215748550
1328215749035
1328215749395
1328215749812
1328215750177
1328215750601
1328215750967
1328215751336
1328215751705
1328215752082
1328215752491
1328215752872
1328215753269
1328215753640
1328215754058
1328215754426
1328215754868
1328215755262
1328215755630
1328215755984
1328215756334
1328215756746
1328215757115
1328215757532
1328215757928
1328215758311
1328215758684
1328215759101
1328215759466
1328215759835
1328215760222
1328215760610
1328215760988
1328215761371
1328215761783
1328215762168
1328215762560
1328215762949
1328215763387
1328215763744
1328215764138
1328215764524
1328215764933
1328215765308
1328215765709
1328215766068
1328215766429
1328215766811
1328215767184
1328215767550
1328215767970
1328215768328
1328215768720
1328215769113
1328215769488
1328215769851
1328215770214
1328215770587
1328215770975
1328215771395
1328215771784
1328215772168
1328215772552
1328215772959
1328215773329
1328215773685
1328215774057
1328215774426
1328215774849
1328215775221
1328215775627
1328215775989
1328215776371
1328215776743
1328215777909
1328215778329
1328215778779
1328215779156
1328215779524
1328215779912
1328215780272
1328215780669
1328215781029
1328215781458
1328215781955
1328215782335
1328215782719
1328215783084
1328215783447
1328215783907
1328215784299
1328215785406
1328215785867
1328215786244
1328215786652
1328215787018
1328215787376
1328215787763
1328215788111
1328215788541
1328215788930
1328215789327
1328215789669
1328215790066
1328215790448
1328215790810
1328215791170
1328215791537
1328215791903
1328215792330
1328215792732
1328215793118
1328215793476
1328215793899
1328215794295
1328215794700
1328215795068
1328215795466
1328215795848
1328215796261
1328215796656
1328215797099
1328215797553
1328215797916
1328215798310
1328215798675
1328215799104
1328215799481
1328215799881
1328215800242
1328215800603
1328215800987
1328215801346
1328215801708
1328215802084
1328215802451
1328215802827
1328215803283
1328215803656
1328215804040
1328215804454
1328215804828
1328215805237
1328215805599
1328215805953
1328215806336
1328215806722
1328215807139
1328215807530
1328215807912
1328215808277
1328215808652
1328215809023
1328215809386
1328215809739
1328215810107
1328215810480
1328215810844
1328215811222
1328215811590
1328215811997
1328215812349
1328215812740
1328215813164
1328215813545
1328215813903
1328215814270
1328215814624
1328215815000
1328215815342
1328215815705
1328215816104
1328215816456
1328215816827
1328215817252
1328215817617
1328215817990
1328215818359
1328215818722
1328215819096
1328215819473
1328215819872
1328215820263
1328215820670
1328215821035
1328215821449
1328215821857
1328215822237
1328215822634
1328215823021
1328215823382
1328215823759
1328215824208
1328215824629
1328215825001
1328215825391
1328215825787
1328215826169
1328215826540
1328215826912
1328215827285
1328215827651
1328215828011
1328215828377
1328215828732
1328215829088
1328215829484
1328215829844
1328215830222
1328215830602
1328215830984
1328215831377
