13352
13247
13160
13455
13331
13300
13278
13295
13218
13386
13288
13197
13456
13503
13158
13069
13105
13105
13124
13182
13211
13236
13232
13047
12975
12977
13040
12954
12698
12837
12961
12950
12636
12954
12983
13057
12942
12943
12876
13134
13010
12989
12990
12912
12471
12916
12916
13068
12860
13012
13105
12896
13065
13046
13136
12907
3635
2963
5787
11103
11696
11498
11359
11691
11949
11966
11718
11703
11541
11526
11679
11945
11788
11697
11924
12264
12820
12375
12822
12758
12531
12418
12407
12397
12472
13006
12733
12775
12919
12901
12375
12703
12537
12309
12751
13033
12802
13059
12982
12741
12973
12926
12815
12870
12390
12523
12352
12362
12338
12645
12607
12317
12392
12462
12475
12450
12277
12541
12732
12703
12331
12596
12602
12679
12684
12793
12652
12456
12402
12833
12672
12916
12891
12478
12786
12780
12556
12524
12985
12634
12586
12880
12685
12854
12834
13076
13278
12851
13047
13058
12887
13243
13447
12966
12973
13092
12755
12704
12626
12701
12821
12665
12649
12897
12681
12590
12996
12676
12901
13059
13062
13303
13053
12874
13239
13205
13101
12891
12971
13006
13209
13010
12888
13202
13269
13330
13165
13021
12666
13405
13196
13462
13286
13267
13025
12798
12985
13260
13210
13053
13051
13234
13005
12916
12828
13026
13127
13120
13158
12929
13038
13068
13127
13104
13034
12919
13436
13470
13449
12998
13181
13235
13038
13078
13133
12944
12907
13237
12948
13156
13148
12997
13297
13289
13196
13300
13392
13537
13389
13669
13721
13651
13623
13530
13215
13199
13194
13123
13353
13011
13432
13800
13262
13618
13341
13250
13265
13512
13594
13545
13288
13433
13329
13083
13510
13667
13857
13777
13283
13702
13564
13465
13563
13367
13729
13531
13764
13675
13719
14002
13424
13591
13553
13678
13676
13759
14190
13667
13912
14274
14376
14125
14233
13951
13811
13995
13802
13727
13788
13902
13906
13713
13926
14127
13826
13667
13851
14052
13697
13714
13672
13647
13745
13681
13844
13825
13766
13822
13714
13735
13439
13862
13926
13609
13881
13651
13886
13687
13798
13674
13694
13816
13816
13890
14156
13896
13866
13873
13865
14008
13770
13691
13548
13719
13651
13770
13967
13744
13594
13629
13707
13335
13882
13920
13974
13870
14085
13765
13899
13740
13831
13994
13824
14083
13924
14009
14161
14168
14023
14086
13836
13822
14026
14127
13839
13693
13975
13937
14356
13823
14279
13929
14057
14104
14004
13894
14077
13994
14014
13979
13946
14262
14143
14378
14366
14538
14231
14324
14357
14220
14371
14454
14014
14583
14429
14511
14401
14409
13667
13585
13745
13911
14211
14190
14355
14277
13971
13810
13952
14283
14153
14135
13837
13853
13877
13620
13705
13803
13550
13927
13838
13902
13540
13442
13498
13674
13674
13947
13986
13900
13786
13881
14004
13707
14178
13869
14073
13917
13818
14142
13750
13958
13561
13637
13641
13825
13825
13600
13998
13646
13789
13883
13840
13846
13660
14173
13978
13971
14073
14093
14486
13977
14172
13916
14144
14280
13934
14400
14400
14121
14102
14002
13926
14295
14080
14067
13958
13958
14262
14096
14015
14029
14174
14342
14419
13919
13961
14329
14354
14374
14653
14478
14599
14352
14410
14386
14399
14345
14405
14516
14317
14443
14392
14569
14260
14416
14404
14121
14241
14289
14343
14429
14265
14226
14390
14008
14346
14414
14272
14309
14610
14215
14660
14353
14400
14347
14249
14393
14240
14780
14428
14507
14473
14342
14327
14659
14174
14581
14878
14630
14588
14511
14444
14292
14456
14330
14422
14652
14450
14292
14205
14274
13709
14209
14096
14590
14205
14127
14169
14163
14278
14022
14394
14047
14653
14376
14497
14281
14180
14433
14321
14790
14592
14587
14324
14444
14670
14996
15094
14863
15135
14965
14813
14850
15075
15026
14975
14946
15227
14873
15060
15010
15010
15007
14982
14922
15114
14927
15024
15108
14979
14978
14839
14643
14646
14540
14611
14623
14583
14686
14737
14529
14865
14667
14845
14963
14772
14695
14453
14634
14406
14453
14135
14551
14617
14747
14872
14967
15021
15004
14962
14886
14876
14643
14532
14199
14125
14440
14387
14264
14382
14663
14796
14687
14443
14443
14587
14826
14576
14771
15168
15168
15064
14448
14778
14784
8961
15273
15307
15088
15020
14697
14697
14619
14791
14488
14673
14673
14506
14506
14614
14384
14777
14892
14912
15101
14930
14889
15041
14828
14357
14847
15095
15198
14857
14624
14649
14932
14594
14590
14643
14592
14791
14688
14613
14733
14816
14574
14658
14601
14471
14660
14685
14788
14658
14937
14966
14443
14611
14795
14566
14753
14795
14680
14702
14677
14448
14537
14627
14506
14676
14478
14478
14783
14781
14931
14922
14683
14557
14265
14384
14429
14450
14435
14270
14658
14696
14822
14607
14543
14553
14562
14587
14496
14628
14495
14480
14582
14448
14543
14572
14408
14331
14433
14452
14550
14467
14541
14421
14479
14435
14581
14248
14326
14356
14580
14511
14432
14373
14462
14573
14652
14593
14283
14701
14741
14715
14706
14767
14912
14759
14544
14679
14380
14422
14422
14839
14324
14663
14614
14787
15293
15303
15224
15125
15321
15172
15077
15115
15161
15269
15086
15315
15229
15090
15004
15325
15060
15245
15202
14975
15162
14957
15245
14852
14943
15060
15303
15186
15361
15193
15295
15400
15211
15274
15259
15450
15444
15405
15303
15412
15486
15317
15340
15406
15170
15328
15318
14980
14970
15263
15175
15393
15215
15201
15158
15115
14998
14991
15074
15108
15080
15023
15101
15010
15001
14815
15217
15057
15304
15134
15050
15137
15135
15012
15178
15116
14810
15147
15321
15156
15327
15174
15199
15136
15335
15375
15068
15000
15053
15095
15268
15146
15115
15042
15105
14927
15141
15016
14920
15000
14889
15228
15161
15185
15276
15260
15262
15385
15258
15183
15346
15391
15514
15331
15408
15389
15422
15541
15548
15355
15568
15318
15546
15662
15333
15476
15482
15586
15457
15392
15659
15499
15546
15399
15407
15152
15338
15326
15398
15380
15231
15325
15363
15306
14995
15135
15225
15258
15503
15512
15478
15326
15547
15449
15641
15567
15463
15465
15457
15448
15437
15038
15026
14958
15316
15216
15067
14904
15106
14967
15172
15209
15264
15400
15320
15210
15338
15390
15235
15466
15451
15447
15489
15446
15551
15298
15185
15293
15578
15544
15529
15654
15771
15775
15549
15615
15682
15671
15510
15455
15503
15468
15451
15501
15368
15467
15470
15210
15444
15368
15771
15419
15511
15591
15384
15419
15794
15611
15451
15455
15533
15707
15717
15583
15264
15099
15492
15267
15249
15429
15223
15140
15274
15415
15530
15632
15475
15438
15759
15639
15685
15701
15340
15503
15327
15208
15325
15540
15543
15731
15300
15266
15197
15068
15417
15306
14998
15434
15536
15111
15341
15226
15303
15717
15628
15622
15556
15512
15575
15500
15677
15494
15433
15651
15599
15696
15470
15682
15588
15697
15747
15575
15560
15891
15668
15865
15654
15393
15515
15694
15353
15779
15562
15735
15459
15424
15330
15388
15266
15171
15146
15227
15348
15241
15371
15128
15185
15133
15343
15114
15139
15239
15328
15366
15491
15303
15383
15609
15382
15378
15278
15125
15417
15253
15129
15478
15184
15157
15548
15672
15649
15350
15531
15359
15356
15350
15161
15115
15189
15457
15502
15230
15511
15457
15406
15445
