3101.855225,921.024658,-1.510140
6076.884766,2708.197754,-1.509140
6124.765137,2634.605469,-1.469140
6118.745605,2472.726318,-1.481140
6090.359375,2519.798584,-1.481140
6111.472656,2485.114746,-1.485140
6131.559082,2418.264160,-1.485140
6123.432129,2458.078125,-1.495140
6115.699707,2534.816406,-1.495140
6057.769531,2562.504395,-1.510140
6036.693848,2579.117676,-1.490140
6069.076660,2508.278076,-1.490140
6075.440430,2549.255859,-1.498140
6103.499512,2610.643311,-1.501140
6124.435059,2576.732666,-1.501140
6095.354492,2534.863037,-1.495140
6085.420410,2465.768555,-1.499140
6109.618652,2529.337402,-1.545140
6195.458008,2489.208008,-1.511140
6278.631348,2206.425537,-1.538140
6344.758789,2080.027832,-1.520140
6405.284180,2008.804688,-1.535140
6456.789062,1918.144043,-1.550140
6540.622070,1801.875488,-1.547140
6613.229004,1694.614868,-1.556140
6654.422363,1473.334717,-1.546140
6690.842285,1350.594482,-1.587140
6745.559570,1268.564819,-1.515140
6839.479492,893.373291,-1.563140
6945.741699,984.652832,-1.555140
7028.035156,826.640625,-1.578140
7085.438477,689.675659,-1.609140
7085.398438,682.060303,-1.652140
7187.985840,513.873413,-1.607140
7365.898926,152.489014,-1.595140
