207.613541,-1954.506592,-0.157544
223.298904,-1969.875000,-0.141134
214.465286,-1982.384888,-0.135418
188.795792,-1997.175903,-0.144158
156.478302,-1999.495850,-0.153499
126.242317,-2002.411011,-0.156855
93.198090,-2000.417847,-0.163773
79.177254,-1995.979004,-0.179457
65.738991,-1993.168091,-0.180284
74.014160,-2005.949951,-0.167634
78.315781,-1988.092651,-0.164139
81.981590,-1979.167480,-0.171448
65.903687,-2003.094360,-0.172728
42.885796,-2001.381714,-0.165386
26.441185,-1987.152832,-0.154078
5.315859,-1981.110596,-0.141855
-7.604089,-1980.733154,-0.135123
-0.185931,-2015.249878,-0.138244
2.978464,-2034.242432,-0.147006
15.571916,-2006.787964,-0.151086
31.912771,-1993.789307,-0.149387
39.774422,-1978.289307,-0.137779
40.500854,-1973.859863,-0.128474
45.271931,-1962.757935,-0.129773
57.578453,-1956.150024,-0.138359
59.896839,-1955.286011,-0.142583
62.606575,-1961.558350,-0.144767
53.320782,-1961.863525,-0.135463
38.090691,-1970.168701,-0.124088
41.713367,-1972.254517,-0.126885
29.202286,-1971.411743,-0.141501
7.527254,-1971.481445,-0.153139
5.029363,-1975.048462,-0.155960
8.426435,-1970.645752,-0.145480
16.215429,-1974.789429,-0.135275
30.073921,-1975.605713,-0.132034
18.706512,-1976.242188,-0.133203
9.726045,-1983.034668,-0.142380
2.976233,-1983.826172,-0.149334
6.314575,-1987.973755,-0.146795
5.909585,-2000.476685,-0.144771
12.603104,-2015.096802,-0.148137
11.421165,-2033.507080,-0.149763
21.668144,-2009.526367,-0.150664
23.878658,-1965.842041,-0.143636
37.790901,-1973.825806,-0.126838
46.704441,-1952.156860,-0.108905
54.134884,-1911.270508,-0.114767
59.701427,-1901.413696,-0.153359
66.390732,-1913.899536,-0.196624
66.748573,-1978.581543,-0.208771
83.694496,-2050.077393,-0.199739
98.893677,-2042.645752,-0.187242
114.787918,-2035.103516,-0.177452
133.055527,-2050.015137,-0.170480
119.000748,-2039.791870,-0.173775
74.646049,-1967.130493,-0.177610
64.572853,-1800.980347,-0.178066
155.351898,-1614.013062,-0.165280
130.360641,-1479.918701,-0.181702
147.305847,-1292.736572,-0.223017
176.448746,-1120.068726,-0.296411
210.604492,-1026.961182,-0.327993
226.297638,-1097.347290,-0.266700
177.684692,-1274.224487,-0.167789
35.792717,-1422.759521,-0.135840
50.889698,-1467.255981,-0.122614
51.600136,-1505.974609,-0.116386
63.524330,-1523.202271,-0.118246
65.276550,-1536.117920,-0.117378
54.521912,-1521.933228,-0.108691
81.065887,-1500.602295,-0.110167
82.845215,-1482.523193,-0.122997
87.367844,-1419.016846,-0.136283
113.554123,-1366.208252,-0.144669
127.645279,-1287.817383,-0.156241
124.700928,-1169.261963,-0.175237
139.042038,-1060.537231,-0.189875
96.573418,-925.196899,-0.187864
98.014221,-723.158691,-0.182035
102.885872,-528.335876,-0.179610
92.157394,-286.753174,-0.181208
94.324875,-65.349655,-0.183229
111.891022,126.267075,-0.186408
137.537018,291.388885,-0.187669
184.207703,374.275513,-0.193253
213.144196,349.475891,-0.204549
211.545624,293.245850,-0.212132
215.067322,223.146713,-0.209592
219.101776,185.040726,-0.210785
226.514481,151.344162,-0.215961
226.784836,140.213394,-0.219321
227.268646,136.268753,-0.220607
222.591095,130.955399,-0.214027
221.557861,127.428833,-0.213038
221.800598,127.563362,-0.227270
216.774612,124.364876,-0.230802
216.122742,127.744202,-0.213144
211.525787,124.435608,-0.201778
215.544022,123.478714,-0.201679
218.131851,126.252701,-0.205946
221.928619,126.157166,-0.207564
212.076080,126.752655,-0.208456
213.934143,121.686394,-0.211289
217.905106,120.704910,-0.216097
228.561737,147.627640,-0.221361
229.258820,182.380859,-0.231999
232.556946,226.091949,-0.242632
230.949615,276.714325,-0.238970
226.770142,337.629150,-0.215863
216.047745,406.084991,-0.191387
197.046432,456.677612,-0.180175
178.571289,470.514832,-0.169288
183.931671,472.799805,-0.155758
160.035324,472.783691,-0.145667
167.111023,469.487885,-0.144288
174.130402,482.990967,-0.150436
187.156952,476.863220,-0.158934
198.941315,438.066528,-0.166573
201.434448,385.518738,-0.176473
194.216339,311.025146,-0.192307
217.249725,240.508362,-0.204506
224.897888,178.693130,-0.213142
239.290176,97.237579,-0.219739
236.181656,50.344513,-0.216405
235.496063,38.773838,-0.205185
243.311737,54.730064,-0.207547
251.864731,97.127602,-0.221136
258.183105,132.641830,-0.231459
262.051941,175.786743,-0.228277
266.353760,228.642929,-0.204813
268.220795,242.277222,-0.177687
271.797516,241.558716,-0.171642
266.370453,209.681030,-0.180938
256.528748,153.219513,-0.190777
250.126343,94.921432,-0.197717
245.028107,39.510166,-0.202724
234.312790,3.057074,-0.199295
224.849976,-4.593688,-0.186342
217.316772,-11.729512,-0.167552
212.534500,-16.816029,-0.160040
210.605286,-34.396446,-0.167402
207.662537,-37.806190,-0.184452
204.069000,-36.968102,-0.189983
205.396805,-40.653580,-0.187304
205.483627,-33.978664,-0.187420
202.895996,-27.538330,-0.193217
196.654175,-26.087591,-0.197667
191.228729,-23.189186,-0.204361
199.947784,-24.831907,-0.208358
203.229752,-31.844797,-0.206720
209.914261,-33.033962,-0.209463
217.440948,-36.293484,-0.213388
222.192413,-31.471678,-0.202957
231.210220,-23.640427,-0.186244
234.631683,-20.378319,-0.184869
225.903915,7.044326,-0.191542
223.198914,49.111053,-0.191156
215.176605,99.051788,-0.179646
214.958435,151.033218,-0.168805
214.461365,197.918976,-0.170796
209.799255,245.758255,-0.177855
199.322235,291.287292,-0.178816
181.547607,308.578308,-0.179201
165.771393,313.089294,-0.179989
151.783478,330.014618,-0.170845
126.605141,356.282043,-0.156661
98.503502,396.139221,-0.151744
79.452026,412.212006,-0.156536
75.312561,429.753357,-0.156491
83.177597,413.382538,-0.147917
89.363045,389.039215,-0.152332
101.512321,358.748871,-0.180552
120.312698,299.068176,-0.213775
136.124481,213.438141,-0.223608
147.298767,135.117630,-0.205214
146.304245,66.995361,-0.187215
146.730087,57.740559,-0.186184
147.202072,69.489899,-0.196062
141.217575,80.908180,-0.209483
144.760895,95.477608,-0.216554
147.347336,98.989914,-0.221110
145.285950,100.955032,-0.225676
142.101395,119.896538,-0.223995
131.179886,134.238312,-0.216087
133.376266,161.204132,-0.209008
135.876373,210.821793,-0.207069
131.662094,268.763031,-0.205241
133.254547,333.309723,-0.197198
135.840134,389.310913,-0.181610
143.946396,404.117767,-0.175384
155.817627,397.821808,-0.184756
160.955215,367.444214,-0.195548
169.967270,300.988281,-0.194062
170.968689,222.891983,-0.195013
176.027557,150.899887,-0.202835
177.076385,113.617271,-0.207782
162.643616,114.114799,-0.205219
147.410812,137.580399,-0.199942
135.928574,178.794479,-0.190182
118.964973,224.724609,-0.180180
133.634842,268.987152,-0.178272
179.601562,333.773254,-0.183542
182.732559,362.950073,-0.189115
200.160309,383.824432,-0.189765
218.872177,421.396790,-0.179811
211.212769,437.696106,-0.172340
183.405670,403.212067,-0.171077
125.857460,361.508148,-0.174248
47.884308,294.274628,-0.175414
46.983063,241.153107,-0.177984
67.523949,205.467087,-0.181449
78.915695,183.539566,-0.177844
84.152481,177.005753,-0.171266
93.226852,198.936798,-0.179234
99.323730,204.181030,-0.201917
106.361008,201.266052,-0.206111
114.364616,210.132065,-0.191073
110.168083,218.194733,-0.173339
101.775665,219.090546,-0.167548
85.844139,215.719833,-0.172461
62.174786,207.096466,-0.183248
49.703892,206.622452,-0.185096
37.750675,216.431458,-0.183441
17.624987,231.520050,-0.186433
5.415676,250.655518,-0.194511
-14.472482,276.645874,-0.195473
-30.567413,315.164062,-0.185523
-41.733532,358.250854,-0.169774
-57.657543,385.604645,-0.152082
-58.910892,389.241943,-0.140714
-62.291237,383.812347,-0.142174
-59.829708,386.808868,-0.143351
-40.497192,373.928986,-0.145604
-18.901451,341.285767,-0.144536
4.580381,287.857300,-0.141693
30.745068,220.813690,-0.145490
47.374969,147.305084,-0.164500
86.114807,91.186752,-0.185322
109.276978,56.164455,-0.194875
115.378014,26.405796,-0.192917
119.346069,30.558628,-0.192069
115.367050,46.403809,-0.186546
114.770767,41.219620,-0.170750
115.509422,46.776760,-0.147869
97.451637,52.485439,-0.131925
78.302719,66.548782,-0.127900
68.166832,145.339447,-0.135116
53.626286,236.853699,-0.148860
30.275227,323.091858,-0.158900
12.716162,374.950470,-0.163935
4.667387,341.103790,-0.163474
8.360685,295.274170,-0.160132
30.192661,258.889832,-0.161877
53.327156,237.459320,-0.174156
88.720657,231.012726,-0.192284
167.411392,231.790161,-0.208741
179.251221,245.457001,-0.216754
200.177734,277.489044,-0.209360
213.463211,293.775635,-0.178497
208.451843,293.037781,-0.140625
177.449997,274.384369,-0.126025
131.126328,255.994339,-0.128585
56.890839,244.783936,-0.128911
62.474636,240.193695,-0.119695
63.653236,228.432343,-0.098860
79.963982,196.603546,-0.072037
86.708611,162.713165,-0.051036
91.494743,133.521439,-0.046259
93.379921,103.698944,-0.045569
95.751823,62.226120,-0.041452
95.879776,32.672134,-0.039997
99.477394,19.891417,-0.049869
92.255936,13.143051,-0.057960
90.009041,4.759042,-0.062327
95.929665,-36.635429,-0.067472
97.425575,-79.054306,-0.068093
112.115776,-108.837845,-0.064474
114.222733,-159.269791,-0.062079
117.141327,-218.455490,-0.053909
115.936264,-223.415344,-0.043137
108.248856,-210.800171,-0.039628
95.257484,-154.055252,-0.041680
83.784637,-78.840813,-0.048994
26.002226,-31.843489,-0.055117
0.848415,9.323655,-0.051955
-19.499905,37.169449,-0.033670
-41.252060,12.974091,-0.016846
-51.564423,-10.052612,-0.020381
-52.282303,-26.489697,-0.035768
-50.626457,-72.032700,-0.048950
-8.597144,-103.766609,-0.063118
3.185208,-141.071945,-0.068281
15.433910,-194.118546,-0.064178
33.829697,-234.129349,-0.055218
69.383537,-265.032990,-0.043056
88.999901,-282.138123,-0.033254
96.282547,-267.950134,-0.027195
90.811874,-257.489685,-0.023332
81.317192,-254.096466,-0.027462
82.715958,-243.308655,-0.027067
88.655098,-243.664383,-0.020435
78.080315,-242.951981,-0.017150
80.382057,-233.901260,-0.014714
76.578842,-231.033478,-0.012252
71.555931,-227.278961,-0.016233
70.011147,-227.860626,-0.019303
68.090157,-230.727432,-0.015362
70.816589,-239.885559,-0.010791
82.685814,-236.752625,-0.011269
82.057594,-248.684921,-0.013428
81.685364,-255.179626,-0.013208
83.514366,-261.895538,-0.007913
85.019821,-261.755280,-0.006206
79.965454,-262.103912,-0.014986
79.225288,-260.679199,-0.028077
69.143929,-265.727570,-0.027977
65.848434,-266.030182,-0.012333
62.719296,-265.697388,0.001529
60.187141,-265.169830,-0.005191
55.375465,-265.495911,-0.016272
55.071579,-264.756134,-0.019741
48.543335,-261.397308,-0.023319
53.012104,-251.882034,-0.033052
56.450306,-248.346924,-0.037304
65.843704,-248.912750,-0.028048
60.556713,-250.336151,-0.016150
66.822220,-266.691010,-0.016979
68.745483,-284.133087,-0.025434
71.665344,-310.595215,-0.026053
73.261642,-333.965820,-0.020288
75.391998,-342.886749,-0.019440
73.411514,-341.100739,-0.023198
93.692078,-339.041870,-0.019807
96.476135,-337.947174,-0.013409
90.292564,-337.300049,-0.015924
84.180595,-329.262573,-0.019476
76.174118,-327.319611,-0.016370
67.300659,-325.285461,-0.016639
64.295082,-324.310211,-0.023122
52.019653,-318.781494,-0.029257
54.794323,-309.301605,-0.032267
61.841621,-301.557892,-0.034228
62.033825,-295.620880,-0.035901
49.570946,-294.813751,-0.036155
50.803986,-294.217773,-0.024665
54.974197,-300.135834,-0.009964
54.862926,-313.526093,-0.003670
61.575546,-324.406860,-0.004853
61.161697,-326.551788,-0.007548
73.430847,-330.366547,-0.013364
95.447868,-328.564423,-0.012914
102.246231,-321.627441,-0.009160
98.559532,-320.678406,-0.012937
93.456047,-315.866821,-0.022646
80.023979,-302.473877,-0.020127
75.097740,-295.655121,-0.013906
60.848579,-288.782257,-0.019330
45.299561,-275.517548,-0.028332
35.135750,-270.521790,-0.024943
24.519855,-261.940247,-0.015418
26.107468,-257.513794,-0.011805
28.386089,-260.983246,-0.017519
45.405651,-254.178726,-0.022088
66.206505,-247.240768,-0.018750
102.154465,-247.040680,-0.012758
137.148743,-235.475479,-0.007146
162.073639,-228.848663,-0.001990
166.846695,-213.028717,0.002483
165.960449,-202.214996,0.002088
135.706757,-205.532257,-0.004376
102.528122,-214.673401,-0.012344
59.618935,-224.611221,-0.017214
23.374830,-247.658310,-0.030092
11.743649,-255.957077,-0.039306
9.590641,-256.961365,-0.040261
8.556929,-255.695816,-0.041427
11.649287,-256.068542,-0.044685
4.580917,-252.493332,-0.040969
7.121990,-253.422028,-0.042662
8.805962,-245.606171,-0.040446
8.659525,-241.462280,-0.026399
17.880171,-242.345184,-0.010225
21.909939,-239.395325,-0.002155
26.977169,-237.942398,0.005169
32.625137,-240.311783,0.012616
29.693535,-242.267517,0.010081
30.015186,-246.331589,-0.001789
27.912781,-246.092453,-0.015164
16.473597,-249.826385,-0.019315
-2.087071,-244.158279,-0.018946
-19.591526,-239.663574,-0.022883
-24.543179,-234.563629,-0.035302
-29.749176,-234.182114,-0.042360
-29.635048,-230.760300,-0.040599
-30.453730,-230.541153,-0.035739
-35.233513,-225.479034,-0.036531
-39.501728,-230.297623,-0.033936
-36.779263,-231.053986,-0.022839
-42.122650,-227.573318,-0.008135
-41.697266,-226.242462,-0.003388
-42.122555,-230.337952,-0.004016
-39.155067,-228.872482,-0.010048
-32.381355,-232.153549,-0.012529
-22.490648,-231.896729,-0.010710
-23.095949,-230.341751,-0.007646
-25.788139,-232.814545,-0.005636
-28.773815,-227.058228,-0.001206
-47.374798,-181.992981,0.000708
-70.050842,-108.645050,-0.002593
-93.312088,-30.118645,-0.002167
-126.723511,60.878403,-0.001691
-153.295090,142.047012,-0.004281
-173.842834,212.087891,-0.009496
-180.729828,237.307846,-0.006197
-163.971176,203.616989,0.008165
-142.284256,142.322815,0.025173
-139.472504,113.662323,0.029273
-132.438354,102.835655,0.027454
-130.736374,131.226898,0.021214
-135.006622,160.692322,0.015822
-146.089828,201.916260,0.014974
-163.466751,245.832855,0.019607
-177.358368,285.319550,0.031727
-178.854218,312.434540,0.043235
-189.190002,339.600281,0.040613
-193.142319,354.541443,0.021046
-190.343933,372.451660,0.003653
-186.197876,382.808289,-0.007743
-177.919907,376.316986,-0.011651
-173.469757,378.230896,-0.010063
-173.104416,386.706604,-0.000122
-167.437820,396.878235,0.002159
-164.180756,409.121124,0.000611
-164.135361,402.932861,0.000304
-173.471985,385.405884,0.005699
-181.575638,365.810730,0.000593
-187.207535,335.015320,-0.010372
-177.076172,312.504669,-0.003289
-167.300217,299.372803,0.021045
-166.347412,295.307617,0.030912
-168.525848,306.050720,0.022066
-157.206604,327.868500,0.012848
-150.144348,346.532257,0.009230
-147.170990,356.234436,0.011240
-150.565079,361.458832,0.012860
-149.489059,369.545502,0.016597
-142.752060,376.281189,0.014474
-128.620117,380.417725,0.002943
-127.626663,382.729462,-0.008386
-127.239410,384.075684,-0.009735
-136.394485,397.019989,-0.004460
-144.591080,421.031921,0.001031
-154.695358,439.477722,0.007531
-161.730988,460.532715,0.004115
-173.259247,492.448639,-0.004553
-180.147736,518.970581,-0.006810
-180.854019,539.276917,0.004181
-165.725449,541.831482,0.007190
-138.864410,487.711548,-0.001094
-100.768799,469.990723,-0.004002
-54.671642,452.854523,0.004368
-12.652897,408.518738,0.008115
44.133972,374.265381,0.004675
125.617813,329.524597,0.005204
131.261902,293.192200,0.010403
111.963448,295.745880,0.020456
90.339455,259.966522,0.023404
52.967571,214.392654,0.014575
10.418614,176.312454,-0.005922
-55.192245,123.383453,-0.023037
-135.555359,74.171082,-0.026435
-143.832657,-0.315904,-0.021291
-134.310150,-71.552315,-0.022769
-132.816010,-134.651855,-0.025537
-134.322754,-163.626068,-0.020878
-131.736435,-168.324524,-0.012369
-138.027908,-174.261902,-0.013941
-149.738846,-183.058899,-0.025723
-155.079758,-185.167236,-0.035492
-164.928970,-189.998062,-0.040716
-167.770340,-177.176193,-0.043213
-172.410370,-175.180374,-0.048177
-175.192490,-175.590225,-0.056358
-164.394821,-166.987564,-0.064285
-151.893265,-154.872986,-0.059950
-144.482437,-136.996567,-0.044601
-133.116425,-117.835869,-0.028970
-130.145874,-113.326584,-0.027779
-126.068359,-106.747971,-0.033975
-134.042603,-102.733757,-0.036359
-142.845490,-108.729240,-0.036286
-150.438110,-126.859230,-0.042172
-155.415359,-142.168137,-0.046194
-155.210159,-158.275070,-0.047075
-149.481705,-170.886398,-0.035450
-145.650024,-179.855850,-0.011300
-138.639969,-192.904709,0.000637
-132.337204,-203.149506,-0.009315
-129.830856,-204.802658,-0.019318
-121.123657,-205.030304,-0.012460
-115.797096,-205.270554,0.007761
-112.403221,-209.906906,0.024967
-102.731529,-215.074005,0.019627
-91.206169,-217.753830,0.004173
-85.491302,-212.958450,-0.004801
-83.602966,-202.379852,-0.007164
-83.928619,-200.840439,-0.013264
-84.087044,-192.452759,-0.014520
-79.341255,-183.948425,-0.012947
-77.532669,-175.731827,-0.008375
-79.283722,-164.198700,-0.007480
-84.140961,-154.061218,-0.008711
-82.526505,-138.451736,-0.011932
-90.263313,-120.892502,-0.015657
-96.180931,-112.979904,-0.018788
-92.650841,-103.267326,-0.021859
-90.159050,-98.668327,-0.023842
-82.265762,-97.354164,-0.020053
-79.981033,-83.478622,-0.012316
-80.385826,-76.297226,0.000921
-80.457771,-61.240509,0.016500
-89.693939,-41.894718,0.019899
-97.728516,-30.708900,0.009737
-98.836754,-23.511358,-0.005191
-98.886932,-21.175346,-0.013115
-91.614136,-27.941391,-0.011545
-93.533081,-29.655544,-0.005118
-92.057541,-29.271778,0.003161
-80.572235,-31.245562,0.001793
-75.929626,-10.818049,-0.008647
-68.442284,-2.634136,-0.016399
-65.556023,15.709934,-0.014394
-68.164917,45.584324,-0.011721
-67.412796,70.090759,-0.011922
-71.069496,83.805061,-0.012466
-77.868423,94.737457,-0.004057
-89.387245,79.128464,0.001705
-96.035080,67.745956,-0.001314
-94.360313,40.942139,-0.008645
-103.708298,33.016907,-0.007240
-86.854057,-17.719822,-0.005731
-78.843063,-69.858376,-0.011992
-65.102516,-124.973000,-0.025875
-35.158916,-168.417328,-0.036864
-26.709320,-196.880692,-0.037231
-29.103107,-159.144104,-0.028687
-14.205907,-184.239105,-0.033323
-47.036964,-179.840454,-0.041536
-67.411522,-138.417770,-0.031635
-86.108002,-105.135239,-0.000151
-115.992798,-100.876457,0.023690
-131.660339,-124.241219,0.027293
-144.175995,-202.842255,0.025650
-165.093750,-222.046783,0.032252
-160.315506,-199.515991,0.037666
-157.188263,-191.463547,0.039964
-157.440338,-181.401001,0.045717
-154.186874,-183.682022,0.058582
-148.890335,-182.734238,0.065610
-136.926071,-179.652756,0.057581
-118.217384,-169.941742,0.044622
-105.647194,-157.332809,0.043375
-91.812172,-144.853165,0.051563
-81.362846,-132.803726,0.056087
-77.529953,-129.685150,0.056063
-84.715408,-126.122757,0.049792
-92.780205,-127.569389,0.039463
-91.123245,-128.193253,0.036562
-85.312119,-125.896759,0.039907
-79.422600,-126.335991,0.039021
-77.034744,-134.015884,0.028220
-79.874336,-130.396820,0.017838
-78.800270,-129.872330,0.022749
-82.518829,-124.189026,0.031171
-88.216240,-119.888229,0.028301
-86.681816,-120.216125,0.014882
-79.101707,-119.793892,0.006675
-79.905731,-124.065109,0.012720
-77.499969,-132.937561,0.023350
-78.171829,-141.740417,0.022362
-76.419891,-141.703491,0.016689
-78.857040,-142.408768,0.015277
-86.550812,-137.974609,0.015307
-90.306953,-135.856964,0.012121
-93.668030,-133.933823,0.007543
-92.939240,-126.159027,0.007782
-103.315155,-121.464775,0.014496
-112.050575,-127.078491,0.024222
-114.375076,-127.724258,0.026290
-106.273674,-131.933411,0.020841
-109.128708,-134.462189,0.017793
-107.185158,-133.487518,0.020096
-111.893768,-145.084274,0.018353
-101.485291,-151.050476,0.011044
-91.915375,-153.834518,0.011706
-86.135567,-161.887024,0.016869
-86.774033,-167.096771,0.013121
-80.576096,-177.156311,0.001209
-83.593590,-185.648056,-0.005139
-89.646034,-193.606430,-0.001071
-104.969475,-220.834686,0.006746
-119.733971,-251.978546,0.010353
-121.451645,-263.635986,0.016366
-125.192879,-273.040222,0.023942
-131.473022,-266.242249,0.026744
-126.931091,-246.338608,0.027538
-121.372070,-218.038193,0.034903
-107.634293,-185.574829,0.049725
-103.027695,-159.714355,0.063560
-104.763680,-152.245712,0.072846
-101.340897,-152.823395,0.083978
-96.727875,-158.215378,0.093183
-91.438744,-133.055817,0.094941
-91.155479,-98.616920,0.093529
-92.977623,-54.939209,0.089517
-81.996979,-2.763296,0.078225
-70.468544,57.225929,0.061646
-59.507690,122.981201,0.045355
-52.734081,174.055573,0.039262
-47.597767,179.601929,0.042717
-40.902908,166.066086,0.041525
-38.269058,165.631104,0.034791
-34.346775,172.374298,0.037237
-40.481030,186.087357,0.046399
-42.581303,190.481155,0.053101
-37.279877,193.354523,0.057415
-39.331623,189.712357,0.058014
-41.956749,197.168854,0.058463
-52.032417,206.779404,0.060055
-57.655273,217.027542,0.056377
-57.318962,225.461533,0.058362
-52.682510,247.426361,0.059732
-60.028214,267.747162,0.052510
-61.182396,284.528809,0.042066
-64.734016,279.825989,0.036947
-68.141258,240.489029,0.022525
-76.276192,196.603943,0.012882
-76.431007,136.364868,0.013179
-77.052628,69.500053,0.024651
-71.254257,4.477452,0.037636
-71.361969,-46.770996,0.051472
-67.694237,-68.204224,0.061974
-64.471024,-41.872585,0.069397
-62.947155,6.940595,0.069900
-60.222439,93.812622,0.070318
-61.815693,184.376617,0.072308
-59.735931,283.691162,0.060085
-61.398972,383.973053,0.041186
-62.976620,468.445465,0.035997
-58.870255,537.923401,0.040143
-63.813377,564.233826,0.034168
-71.950195,535.924133,0.026671
-85.065620,501.519836,0.020960
-89.866989,460.709320,0.014431
-103.536041,417.032288,0.006032
-117.665962,376.416595,-0.001715
-123.179420,330.882477,-0.006788
-122.025162,303.606720,-0.008326
-114.204697,283.555542,-0.014138
-96.338699,234.974838,-0.017845
-91.484818,177.810989,-0.010932
-76.038399,92.371750,0.000304
-72.023483,48.413506,0.007983
-70.350189,-19.382891,0.013128
-70.802162,-97.892746,0.007157
28.915888,-146.086823,-0.013680
27.796387,-170.628647,-0.024622
45.500031,-201.554199,-0.007997
81.848244,-199.904434,0.030067
108.448929,-223.947830,0.043238
100.736214,-211.558441,0.014133
70.449928,-153.609161,-0.017105
-57.474380,-31.550608,-0.024368
-67.723602,87.935715,-0.023322
-75.770203,204.373245,-0.011639
-78.242821,297.976013,0.008324
-84.463882,382.399323,0.034618
-81.182442,480.634125,0.047423
-75.018486,552.861755,0.032188
-70.131676,552.681152,0.005746
-62.099037,555.433350,-0.006356
-50.066128,545.846680,-0.005826
-43.957550,524.074158,0.007480
-47.074871,488.057526,0.020457
-53.900658,414.707947,0.022055
-53.417732,316.325653,0.009899
-45.354942,229.287842,0.001741
-42.245377,160.924377,-0.001788
-40.424690,141.603943,-0.002941
-48.798214,163.929382,-0.006508
-51.483192,181.715164,-0.005640
-50.668961,199.059357,-0.000136
-59.082588,228.149994,0.013419
-62.785400,238.975830,0.027642
-53.187706,224.255371,0.037562
-47.245255,192.259491,0.047990
-41.701996,187.631073,0.051219
-29.303797,248.682159,0.040013
-29.799738,341.371216,0.026521
-27.897514,439.654022,0.019389
-26.709164,511.993134,0.011010
-33.122215,552.642944,0.006297
-40.578583,566.463318,0.008602
-40.230373,563.692139,0.008683
-48.740891,550.754211,0.003579
-53.115776,535.339844,-0.000418
-59.676994,526.187073,-0.002701
-58.848946,520.948059,-0.009967
-62.403847,515.362549,-0.020223
-58.388329,509.749603,-0.020288
-57.200203,492.885895,-0.015975
-56.102997,477.529053,-0.012136
-56.608398,475.634399,-0.008277
-60.243824,469.523987,-0.003198
-71.144333,466.423248,-0.001086
-76.419952,468.870056,-0.003470
-76.922050,478.813629,-0.018916
-73.460648,489.208984,-0.028338
-76.942871,490.983337,-0.021112
-75.579849,483.002747,-0.012450
-73.403732,442.585968,-0.016509
-76.703529,389.358246,-0.023987
-75.179314,325.374878,-0.022266
-87.658180,247.939377,-0.012002
-92.459595,183.210999,0.000666
-92.894196,155.218613,0.010879
-100.944290,155.627823,0.021491
-104.396385,205.787476,0.028521
-106.081734,274.662567,0.026106
-120.352333,339.386444,0.015240
-116.652924,392.369873,0.002534
-119.622856,420.700043,-0.007630
-119.075523,379.637665,-0.011685
-111.246208,334.881104,-0.007075
-108.741135,277.540161,-0.000041
-102.012619,217.340179,0.009597
-88.650475,171.479584,0.018248
-79.061073,136.999405,0.017923
-71.639977,138.313950,0.006946
-70.068214,192.624603,-0.001080
-76.699242,255.636856,0.002198
-78.958015,315.547455,0.010825
-90.531967,361.966705,0.016513
-93.196556,382.855499,0.015693
-107.427528,394.358551,0.008927
-118.820969,378.175171,0.001536
-117.478218,362.760590,-0.006699
-111.701118,350.851288,-0.016677
-106.037102,345.534058,-0.017765
-95.637291,332.882568,-0.013993
-91.208855,332.924133,-0.015157
-75.713104,330.585541,-0.013593
-71.760376,336.285126,-0.010726
-67.637711,343.519775,-0.012194
-64.594200,359.512299,-0.009285
-72.106529,381.058533,0.002962
-76.728737,406.010284,0.006005
-72.566284,416.031311,-0.003454
-82.628967,419.409241,-0.010172
-84.396156,413.995667,-0.008662
-89.588226,409.178375,-0.008840
-101.178970,397.840942,-0.009184
-92.464760,379.620880,-0.004581
-81.568405,363.134674,0.000061
-81.463669,348.268372,-0.003619
-70.583794,327.788940,-0.007913
-58.725628,324.703674,0.000403
-50.483952,337.572540,0.017842
-41.341999,364.001740,0.025834
-35.979431,399.760254,0.024652
-45.250546,447.119873,0.024538
-49.701874,491.014252,0.027277
-50.756382,538.721497,0.022162
-57.961563,557.090210,0.011773
-61.801628,550.417847,0.010604
-64.957260,537.575073,0.017790
-80.196938,527.021851,0.018707
-84.693001,525.612549,0.012706
-95.037125,530.250488,0.007353
-94.011955,531.556763,0.008603
-90.057220,527.601318,0.022533
-91.342278,514.952271,0.030315
-85.005852,488.946594,0.015922
-72.243599,458.759033,-0.004106
-67.176094,414.810486,-0.011880
-59.066082,361.071869,-0.016994
-72.454498,287.424927,-0.018765
-88.948509,208.933472,-0.014374
-100.930046,126.256828,-0.002788
-114.451736,61.496239,-0.002962
-136.199768,21.776745,-0.019942
-148.310608,10.614084,-0.036155
-149.809952,55.138535,-0.036141
-139.379608,85.319550,-0.025743
-121.614685,121.049927,-0.013189
-99.366684,157.763657,-0.012928
-73.463020,208.678055,-0.029295
-47.596828,250.775681,-0.050414
-22.167870,281.651428,-0.051529
-11.615540,281.695068,-0.035042
-9.986328,274.693970,-0.026091
-8.767756,247.790741,-0.026892
-36.719170,188.094086,-0.019396
-64.748581,87.262100,0.004764
-96.098732,-33.916924,0.031615
-130.458221,-147.984894,0.033042
-155.604706,-228.062195,0.019690
-169.763626,-248.116470,0.015533
-166.780212,-234.076324,0.012532
-143.895416,-203.626694,0.000772
-119.887184,-185.483368,-0.010345
-96.715157,-159.575943,-0.015964
-83.059128,-144.491760,-0.017649
-80.446762,-140.242935,-0.012394
-85.951012,-141.996933,0.002720
-95.122406,-142.511429,0.018286
-98.379395,-142.704758,0.027542
-105.330063,-142.084335,0.030913
-107.227837,-149.897690,0.030623
-108.047539,-156.409363,0.027369
-111.716110,-164.916275,0.029068
-112.895386,-164.091217,0.028217
-118.991920,-175.578552,0.014634
-117.644775,-182.268387,-0.002256
-119.001770,-181.037155,-0.007814
-121.393112,-183.493164,-0.010184
-120.264702,-178.998779,-0.015811
-119.219627,-171.407043,-0.015437
-113.596321,-168.375153,-0.007373
-105.810997,-165.316010,-0.006928
-104.115479,-159.600357,-0.011140
-107.415070,-162.718170,-0.007641
-108.255844,-157.338806,-0.003416
-110.565147,-158.461212,-0.008755
-112.184830,-166.734024,-0.014643
-116.601250,-180.447083,-0.019483
-113.932701,-184.906281,-0.023188
-117.859695,-193.992035,-0.024943
-111.813858,-204.103897,-0.016017
-105.463570,-210.135696,-0.002113
-102.459404,-217.350266,0.008119
-94.683533,-224.020462,0.000438
-87.120872,-218.992172,-0.009614
-88.539734,-216.686096,-0.010116
-88.337944,-217.914474,0.000022
-85.477592,-213.015198,0.008946
-86.032990,-206.163391,0.010091
-91.016190,-202.013184,-0.000079
-95.265953,-194.626678,-0.007416
-108.781105,-195.913376,-0.008010
-118.572876,-197.236008,-0.001833
-120.905846,-193.576050,0.003651
-131.581055,-190.761948,0.003748
-132.030472,-194.131882,0.002191
-130.913162,-190.953171,0.004911
-124.280357,-189.913330,0.000278
-111.906700,-192.110626,-0.003599
-96.116531,-194.304016,-0.000767
-90.260681,-200.884781,0.004155
-86.415985,-203.804138,-0.000440
-93.791466,-201.199966,-0.005888
-93.556023,-199.533997,-0.000101
-103.677971,-194.785934,0.016727
-102.901855,-189.254242,0.023320
-117.054504,-192.641602,0.015094
-122.230682,-195.172760,-0.004137
-124.008385,-208.746033,-0.017756
-128.220093,-220.826019,-0.016454
-135.384247,-233.982605,-0.006595
-137.782043,-249.284485,0.001159
-143.019409,-255.062180,0.003696
-145.484436,-258.808350,-0.004015
-145.635330,-259.086945,-0.018409
-153.399521,-255.468231,-0.032726
-145.602417,-254.564682,-0.035466
-140.716171,-254.500824,-0.022981
-132.801697,-252.261749,-0.011390
-130.777222,-256.844543,-0.012450
-123.865326,-251.324509,-0.012123
-115.836388,-248.123657,-0.002780
-112.309616,-239.706818,0.007951
-112.108711,-229.810303,0.003993
-110.319870,-222.256332,-0.018493
-107.288010,-209.154037,-0.036638
-107.340302,-195.017700,-0.037185
-106.372314,-193.758865,-0.031011
-109.289864,-186.961151,-0.026993
-105.150436,-178.895020,-0.031458
-110.589500,-179.318085,-0.036044
-112.172310,-181.620407,-0.028374
-119.449020,-190.586990,-0.016513
-119.425766,-192.503845,-0.011889
-115.314072,-185.891037,-0.008657
-114.558151,-179.675888,-0.006439
-110.201195,-179.650543,-0.011759
-107.435089,-173.625931,-0.026394
-107.010468,-165.049545,-0.035819
-105.273262,-164.472397,-0.034032
-103.009064,-170.533203,-0.030288
-107.813217,-168.798828,-0.036291
-116.325478,-174.075775,-0.043656
-122.412300,-176.362030,-0.042073
-124.207664,-178.833694,-0.031929
-135.703568,-188.867188,-0.021899
-144.848938,-192.287704,-0.019131
-158.958847,-195.860504,-0.021719
-161.211884,-205.306778,-0.021608
-155.698486,-202.280106,-0.015726
-151.718475,-201.274857,-0.013103
-149.190720,-196.666840,-0.011296
-144.614410,-198.444229,-0.013221
-144.234695,-204.964905,-0.016802
-141.082092,-213.114273,-0.018084
-146.241577,-213.177200,-0.014657
-149.485397,-216.567459,-0.009574
-156.643753,-229.419235,0.000222
-170.520721,-251.830261,0.004544
-186.790329,-271.312073,0.000481
-206.653564,-296.518219,-0.007422
-223.459702,-320.168976,-0.011134
-230.173340,-342.860809,-0.007557
-221.965698,-358.083923,-0.002282
-218.384949,-363.237091,-0.003148
-208.393112,-360.505249,-0.012847
-198.184906,-350.770721,-0.025809
-195.092484,-345.073547,-0.031171
-192.062790,-340.911224,-0.029389
-195.430573,-343.443848,-0.018893
-206.442596,-338.906952,-0.013479
-201.429367,-329.113098,-0.013874
-203.665482,-325.757874,-0.004932
-202.621140,-328.277466,0.014830
-199.692566,-323.302551,0.017870
-200.951645,-319.240967,0.001574
-194.221527,-306.085052,-0.009556
-194.019440,-300.980377,-0.007354
-193.556335,-299.037628,-0.004853
-187.322464,-299.387024,-0.009203
-187.599091,-297.974152,-0.015146
-185.895981,-300.243103,-0.020105
-187.536713,-294.138733,-0.021638
-192.362091,-298.958008,-0.020213
-190.218704,-301.647614,-0.010892
-186.956497,-301.093292,-0.005172
-183.764771,-292.676971,-0.002576
-181.978745,-281.108856,0.001462
-173.522247,-263.654602,0.004184
-158.588760,-246.691437,0.000189
-141.527390,-235.083008,-0.004849
-125.866608,-229.843307,-0.011731
-115.641083,-228.181000,-0.017694
-105.980499,-237.591766,-0.023188
-94.580925,-240.529205,-0.019803
-94.838135,-249.532410,-0.012479
-99.007309,-266.908447,-0.004400
-103.972145,-263.498474,-0.000999
-106.690834,-255.046799,-0.001339
-105.998840,-253.745041,-0.005092
-111.455894,-245.865494,-0.006686
-117.913513,-244.824051,-0.016684
-121.696999,-238.642242,-0.027349
-129.895462,-224.612396,-0.029377
-131.167511,-219.736923,-0.021946
-134.226181,-222.579590,-0.018617
-141.151520,-218.860901,-0.021811
-140.640259,-219.413391,-0.029260
-147.920258,-220.948593,-0.031324
-151.337723,-227.429108,-0.028994
-152.874435,-232.972122,-0.028820
-153.996002,-239.296188,-0.033249
-150.990540,-238.191223,-0.036955
-156.032288,-241.214066,-0.037753
-155.072861,-246.207901,-0.031082
-145.102310,-247.802658,-0.017840
-138.139267,-244.370300,-0.007465
-122.333054,-239.950195,-0.008160
-115.078232,-236.243454,-0.016891
-113.578049,-237.898926,-0.025455
-106.108124,-237.940567,-0.030743
-103.769867,-235.437698,-0.033506
-109.138687,-238.274918,-0.039503
-105.689774,-242.974274,-0.042799
-102.251976,-246.324799,-0.032805
-95.570839,-247.248276,-0.019303
-100.238327,-254.935562,-0.015123
-101.915970,-259.452118,-0.018417
-108.900932,-266.973236,-0.023932
-112.425568,-273.803467,-0.025719
-115.899857,-276.744690,-0.016682
-124.966568,-276.928619,-0.008472
-131.305161,-275.951447,-0.012381
-131.502380,-260.015625,-0.024893
-131.360275,-256.796783,-0.030472
-128.419067,-252.176605,-0.026213
-126.847900,-252.909134,-0.022567
-126.323013,-255.931961,-0.021997
-123.210251,-266.728210,-0.026547
-131.858307,-268.912537,-0.030024
-129.029556,-276.157135,-0.026079
-140.473572,-279.155792,-0.020188
-142.118774,-287.155792,-0.029035
-142.051010,-285.161957,-0.042354
-145.218628,-289.902557,-0.048373
-146.161087,-286.958069,-0.042383
-151.584076,-292.898773,-0.034153
-157.395996,-297.330566,-0.031107
-151.283661,-297.140808,-0.036787
-151.142609,-294.824280,-0.043428
-154.438293,-302.097412,-0.044626
-161.121872,-306.467133,-0.044066
-170.645325,-310.986633,-0.044832
-170.941879,-310.433380,-0.040829
-177.066269,-306.331512,-0.039509
-183.760590,-310.231201,-0.050929
-187.184860,-317.230103,-0.052924
-187.121323,-318.680511,-0.035522
-184.351868,-321.890106,-0.016939
-180.256531,-317.928558,-0.013668
-177.368057,-316.653015,-0.018172
-170.580780,-317.020081,-0.012852
-163.619720,-317.932159,0.000251
-164.892166,-314.205200,0.002267
-162.557129,-315.508667,-0.011095
-159.104889,-304.267853,-0.019641
-161.517120,-304.412842,-0.020429
-158.068176,-293.387604,-0.019680
-160.293152,-290.586151,-0.032821
-158.148987,-268.869507,-0.045572
-158.911316,-259.094299,-0.042381
-154.600128,-254.837204,-0.020736
-162.801270,-261.262360,-0.001678
-164.779205,-262.389282,-0.000368
-173.792053,-273.305145,-0.008867
-180.302765,-276.370209,-0.014047
-193.483963,-296.463928,-0.012351
-202.609024,-314.314575,-0.003885
-220.443604,-342.113373,0.005398
-233.747513,-370.764587,0.005093
-249.025055,-401.043152,0.006927
-252.885254,-426.058899,0.012928
-255.763519,-443.759399,0.017094
-246.245300,-453.582855,0.017532
-229.720551,-465.110443,0.026941
-215.557007,-458.067657,0.051885
-207.082184,-457.858521,0.070145
-213.111099,-458.035126,0.058648
-228.576355,-454.561676,0.027853
-239.881927,-444.264099,0.006601
-247.497269,-426.925446,-0.000156
-241.241913,-387.785706,-0.006290
-231.796875,-361.143829,-0.015098
-209.477036,-327.402008,-0.021897
-187.783081,-303.222687,-0.025723
-168.560699,-287.300629,-0.022277
-152.611542,-277.600647,-0.010450
-140.084900,-267.199646,-0.000265
-137.109039,-269.268280,0.003831
-143.561493,-271.189453,0.002471
-161.314850,-281.268860,-0.000508
-169.956177,-290.894104,-0.006435
-181.255936,-301.339783,-0.014446
-191.034454,-315.994263,-0.024973
-201.787903,-341.558411,-0.030497
-219.449661,-370.948639,-0.029687
-231.973007,-404.470215,-0.026339
-242.955582,-437.302216,-0.018707
-255.600006,-467.361176,-0.007891
-260.756287,-486.931885,-0.006282
-258.698853,-494.846497,-0.009759
-248.469086,-474.381653,-0.010391
-226.691040,-438.296417,-0.012240
-212.365402,-398.620880,-0.012510
-203.637405,-373.357239,-0.006777
-200.997925,-358.697998,-0.005798
-212.434158,-356.020081,-0.013548
-217.523392,-358.038879,-0.022492
-221.599915,-367.692261,-0.014781
-231.026764,-385.832642,0.005693
-235.455963,-404.867371,0.021609
-240.000076,-414.518677,0.031737
-245.336105,-427.054413,0.044010
-249.504883,-430.118042,0.051078
-257.846832,-420.337250,0.052156
-269.552490,-425.301361,0.050941
-284.904938,-438.553192,0.044105
-290.878113,-448.415833,0.033512
-291.028503,-453.734497,0.026153
-294.087952,-460.445526,0.032502
-288.070953,-467.711578,0.044915
-282.317017,-479.603271,0.049750
-283.640472,-483.449646,0.045347
-279.442017,-485.718231,0.038958
-285.933990,-487.539124,0.033402
-293.888153,-494.430573,0.037371
-293.490265,-490.569733,0.044953
-293.923584,-487.217163,0.040967
-294.661255,-481.982025,0.034108
-289.182098,-482.514313,0.034143
-280.668060,-473.010193,0.039102
-270.979828,-464.434570,0.041566
-276.101685,-463.552551,0.041779
-281.403259,-452.359344,0.039480
-282.863129,-442.155975,0.037608
-288.875183,-439.571533,0.027610
-293.465149,-424.884888,0.008980
-298.762878,-418.330170,-0.013080
-298.424316,-408.385376,-0.019145
-282.005005,-375.822021,-0.012914
-263.190552,-354.075989,-0.009691
-247.145782,-332.748352,-0.017126
-228.841675,-315.470062,-0.025228
-209.316086,-318.968140,-0.029465
-202.982239,-318.079681,-0.027548
-200.046036,-322.699280,-0.025074
-205.749481,-328.746857,-0.021875
-211.892059,-329.948120,-0.020924
-220.637939,-334.313782,-0.013177
-218.587952,-349.159271,-0.002242
-226.794510,-359.031830,0.001644
-228.669205,-381.352295,-0.011461
-233.618042,-386.130249,-0.021901
-234.419861,-393.944153,-0.029287
-244.743347,-396.444000,-0.035203
-255.426910,-398.675171,-0.038610
-264.349487,-397.065063,-0.035359
-258.604736,-401.052307,-0.032496
-252.779922,-395.604370,-0.030006
-243.541412,-398.746582,-0.040229
-239.035522,-393.705719,-0.052408
-230.614655,-385.218353,-0.048795
-221.019287,-383.340118,-0.034821
-217.754593,-383.133881,-0.026891
-228.686783,-384.812744,-0.028670
-235.281158,-391.206818,-0.034506
-247.760391,-389.416290,-0.035295
-263.811737,-386.928040,-0.035738
-263.332550,-385.512726,-0.043045
-265.709564,-377.974792,-0.050948
-268.221313,-373.455627,-0.047860
-259.682678,-367.996368,-0.034373
-257.696686,-362.905396,-0.028161
-249.207199,-368.146912,-0.032981
-240.163086,-372.840881,-0.041815
-247.234192,-375.598419,-0.044299
-255.943344,-377.929657,-0.030093
-261.266602,-383.683014,-0.007768
