3 901.698242,277.933502,1.540000
3 1748.843994,779.312439,1.543000
3 1807.472900,697.199768,1.501000
3 1872.939087,666.420166,1.501000
3 1873.448730,651.809998,1.524000
3 1873.933716,623.649963,1.524000
3 1864.758789,615.495422,1.521000
3 1862.146484,598.758789,1.522000
3 1867.965820,596.794128,1.522000
3 1912.311646,570.971558,1.525000
3 1931.053589,553.818359,1.524000
3 1908.746704,616.687317,1.524000
3 1908.746704,602.416931,1.514000
3 1882.750854,591.560608,1.534000
3 1895.738525,633.163574,1.512000
3 1913.783569,612.766357,1.496000
3 1901.398438,536.750366,1.499000
3 1899.645996,572.185242,1.497000
3 1861.714355,694.119812,1.498000
3 1828.614868,912.464661,1.492000
3 1831.287476,1252.700439,1.506000
3 1868.759155,1543.430786,1.492000
3 1992.054565,1857.048828,1.408000
3 2116.527832,2171.486572,1.416000
3 2231.469482,2334.588623,1.384000
3 2332.580566,2967.222168,1.446000
3 2293.136963,4107.395996,1.461000
3 2222.300781,4079.811768,1.484000
3 2204.980957,4107.807129,1.454000
3 2125.811279,4348.842773,1.485000
3 2244.528320,4703.543457,1.400000
3 2367.934326,4968.941895,1.451000
3 2378.766846,5285.930664,1.418000
3 2433.291748,5553.164062,1.431000
3 2341.814697,5798.354492,1.459000
3 2259.860596,5864.497559,1.459000
3 2400.034180,5957.595215,1.410000
3 2599.655273,6249.158203,1.409000
3 2673.910645,6443.524902,1.407000
4 -1364.683960,-3434.871338,1.433334
4 -8393.886719,-3406.038330,1.433334
4 -8385.657227,-3347.831299,1.429334
4 -8534.210938,-2904.699707,1.315334
4 -8682.988281,-2266.836182,1.315334
4 -8425.714844,-2748.855957,1.483334
