870.095459,1719.246338,-3.040000
1322.214355,4729.547852,-2.958000
964.817200,4144.735840,-2.958000
885.300720,3944.609863,-2.918000
1318.353271,3849.727539,-3.054000
1802.318481,4410.309082,-3.054000
2522.045898,4538.403320,3.035000
3206.773926,4785.294434,3.035000
3206.773926,4785.294434,3.035000
3206.773926,4785.294434,3.035000
3206.773926,4785.294434,3.035000
3206.773926,4785.294434,3.035000
3206.773926,4785.294434,3.035000
3206.773926,4785.294434,3.035000
-2402.120117,-4211.436523,-3.100666
-8685.460938,-5218.234375,-3.047666
-8110.293945,-5883.887695,-2.920666
-7695.050293,-6589.339355,-2.920666
-7695.050293,-6589.339355,-2.920666
3859.166260,-2611.409912,3.113000
390.404449,5502.437012,3.123000
212.483505,5476.266113,-3.113000
243.129761,5471.120117,3.110000
271.515289,5458.677734,3.090000
-36.987900,5472.268555,3.099000
-407.382904,5517.830566,3.069000
-746.454163,5539.870117,3.052000
-1089.742310,5517.534668,3.072000
-1307.959961,5559.148438,3.016000
-1459.400146,5657.699219,2.989000
-1721.578979,5739.387207,2.980000
-1932.102417,5775.408691,2.947000
-2160.594727,5857.751465,2.934000
-2404.016113,5917.216797,2.909000
-2338.015869,6134.446777,2.845000
