-731,-4476,1.287000
-693,-4455,1.287000
-773,-4543,1.277000
-424,-4319,1.586000
293,-3780,2.275000
241,-3301,2.591000
-153,-2391,-2.970000
-520,-2027,-2.631000
-1514,-1897,-1.948000
-2278,-3005,-0.676000
-2228,-4066,0.111000
-2276,-4001,0.090000
-2320,-4021,0.082000
-2005,-4161,0.295000
-1681,-4597,0.592000
12,-3422,2.525000
36,-3427,2.521000
112,-3447,2.533000
79,-3043,2.884000
-23,-2620,-3.104000
-898,-2015,-2.434000
-1851,-2077,-1.708000
-2426,-3290,-0.480000
-2335,-3283,-0.467000
-2270,-3759,-0.149000
-1692,-4464,0.507000
-1068,-4740,0.895000
-357,-4461,1.581000
141,-3828,2.284000
16,-2994,2.960000
-221,-2646,-2.945000
-1222,-1941,-2.291000
-1562,-2115,-1.896000
-2378,-2513,-1.238000
-2525,-3252,-0.531000
-2252,-4165,0.147000
-1706,-4616,0.521000
139,-3888,2.285000
238,-3905,2.312000
89,-3791,2.328000
238,-3569,2.579000
192,-2791,-3.098000
-305,-2299,-2.781000
-2493,-2968,-0.837000
-2402,-2981,-0.811000
-2569,-2967,-0.836000
-2463,-3497,-0.426000
-2148,-4351,0.214000
-1703,-4662,0.582000
-728,-4748,1.306000
184,-4189,2.073000
258,-3801,2.388000
147,-2985,3.114000
-290,-2533,-2.819000
-1259,-2206,-2.142000
-2070,-2505,-1.465000
-2415,-3303,-0.746000
-2434,-3731,-0.396000
-1983,-4495,0.298000
-1495,-4813,0.646000
-422,-4964,1.409000
161,-4265,2.117000
155,-3930,2.430000
-19,-3031,3.080000
-488,-2533,-2.856000
-1499,-2137,-2.138000
-2220,-2590,-1.432000
-2143,-4541,0.258000
-2162,-4520,0.247000
-1945,-4640,0.361000
-1826,-4862,0.553000
-888,-4955,1.176000
-142,-4531,1.886000
126,-3886,2.496000
-59,-3502,2.754000
-873,-2382,-2.545000
-1677,-2309,-1.851000
-2219,-2552,-1.410000
-2415,-3042,-0.950000
-2432,-3398,-0.632000
-2473,-4071,-0.068000
-1773,-4697,0.553000
-859,-4948,1.245000
-328,-4744,1.612000
-611,-2496,-2.785000
-583,-2528,-2.776000
-656,-2533,-2.743000
-1248,-2213,-2.261000
-2227,-2247,-1.608000
-2529,-3383,-0.539000
-2406,-3700,-0.365000
-2113,-4478,0.349000
-2031,-4629,0.417000
-1371,-4853,0.929000
-512,-4632,1.619000
-181,-3251,2.901000
-127,-3267,2.914000
-75,-3140,2.973000
-1823,-2065,-1.931000
-1816,-2090,-1.932000
-1735,-2131,-1.912000
-2654,-3578,-0.351000
-2380,-3769,-0.279000
-2562,-3879,-0.215000
-1846,-4685,0.561000
-1553,-4922,0.646000
-1115,-4924,1.079000
-364,-4528,1.788000
-259,-3929,2.327000
-19,-3162,2.995000
-672,-2498,-2.796000
-1390,-2201,-2.160000
-2518,-3244,-0.725000
-2468,-3264,-0.718000
-2492,-3369,-0.605000
-2635,-3951,-0.134000
-2568,-4210,0.090000
-1420,-4920,0.776000
-834,-4730,1.411000
-452,-4619,1.789000
-924,-2417,-2.659000
-1021,-2344,-2.698000
-963,-2345,-2.593000
-1762,-2030,-2.242000
-2081,-2061,-1.878000
-2605,-2805,-1.107000
-2605,-2805,-1.107000
-2605,-2805,-1.107000
-1665,-4906,0.665000
-1256,-4907,0.989000
-679,-4561,1.660000
-188,-3894,2.370000
-94,-3423,2.756000
-2204,-2269,-1.766000
-2214,-2174,-1.771000
-2320,-2222,-1.775000
-2548,-2636,-1.258000
-2836,-2909,-0.971000
-2821,-3841,-0.235000
-2069,-4630,0.481000
-1535,-4943,0.856000
-727,-4721,1.532000
-276,-3973,2.224000
-219,-3631,2.590000
-592,-2699,-3.031000
-1559,-2230,-2.305000
-2369,-2354,-1.665000
-2771,-3076,-0.944000
-2973,-3327,-0.617000
-2692,-4276,0.102000
-1220,-4821,1.256000
-1061,-4917,1.301000
-467,-4605,1.686000
-170,-3434,2.773000
-139,-3482,2.845000
-457,-2789,-3.054000
-2578,-2381,-1.486000
-2578,-2491,-1.412000
-2723,-2436,-1.376000
-2754,-2661,-1.192000
-2791,-3547,-0.512000
-2878,-3923,-0.188000
-2138,-4719,0.522000
-1570,-4973,0.880000
-532,-4723,1.613000
-165,-4056,2.305000
-217,-3595,2.628000
-652,-2689,-2.981000
-1124,-2324,-2.623000
-2114,-2083,-1.974000
-2760,-2657,-1.266000
-2843,-3073,-0.869000
-2764,-4080,-0.138000
-2136,-4816,0.562000
-1603,-4927,0.909000
-671,-4712,1.610000
-317,-4379,2.002000
-293,-3605,2.669000
-839,-2569,-2.967000
-1204,-2351,-2.581000
-2179,-2216,-1.914000
-2489,-2460,-1.549000
-2894,-3250,-0.846000
-2672,-4154,-0.112000
-2113,-4852,0.547000
-1534,-4981,0.926000
-807,-4756,1.636000
-420,-4416,2.010000
-458,-3670,2.630000
-469,-3239,2.997000
-1229,-2415,-2.598000
-1636,-2362,-2.211000
-2666,-2449,-1.600000
-2863,-3307,-0.843000
-2760,-4196,-0.129000
-2386,-4603,0.237000
-1532,-5085,0.921000
-427,-4443,2.091000
-369,-4456,2.108000
-261,-4004,2.452000
-490,-3163,3.065000
-1670,-2349,-2.269000
-1982,-2389,-2.068000
-2333,-2333,-1.824000
-2895,-2869,-1.187000
-2940,-3802,-0.416000
-2790,-4234,-0.073000
-1751,-5083,0.686000
-1719,-4926,0.937000
-662,-4780,1.691000
-304,-4485,2.081000
-223,-3589,2.764000
-843,-2691,-2.911000
-1602,-2478,-2.258000
-1602,-2478,-2.258000
-1602,-2478,-2.258000
-2669,-3243,-0.962000
-2897,-3404,-0.625000
-2381,-4375,0.119000
-1692,-5071,0.791000
-1225,-5055,1.130000
-747,-4938,1.513000
-747,-4938,1.513000
-367,-3447,2.882000
-950,-2613,-2.710000
-1540,-2417,-2.356000
-2447,-2416,-1.723000
-2717,-3221,-0.953000
-2789,-4196,-0.252000
-2757,-4367,-0.038000
-1848,-5017,0.545000
-1573,-5154,0.856000
-664,-5121,1.550000
-393,-4812,1.884000
-405,-3949,2.552000
-2193,-2507,-1.947000
-2211,-2395,-1.962000
-2165,-2426,-1.954000
-2543,-2450,-1.706000
-2957,-3100,-1.034000
-2990,-4151,-0.261000
-1321,-5133,1.185000
-1313,-5176,1.182000
-1210,-5185,1.216000
-725,-5012,1.663000
-218,-4293,2.348000
-340,-3842,2.697000
-606,-3086,-2.839000
-1124,-2717,-2.543000
-2180,-2575,-1.846000
-2835,-3031,-1.233000
-2899,-4009,-0.467000
-2772,-4518,-0.112000
-2050,-5205,0.592000
-1347,-5197,1.233000
-498,-5061,1.699000
-344,-4283,2.357000
-363,-3461,3.042000
-2477,-2802,-1.620000
-2540,-2803,-1.633000
-2512,-2819,-1.558000
-2866,-3235,-1.083000
-2891,-3733,-0.728000
-2932,-4233,-0.222000
-2202,-5122,0.490000
-1277,-5235,1.211000
-470,-4472,2.186000
-347,-4348,2.298000
-1233,-2808,-2.725000
-1130,-2793,-2.696000
-2291,-2551,-1.837000
-2354,-2465,-1.863000
-2338,-2499,-1.817000
-2599,-3004,-1.328000
-2702,-3302,-0.979000
-2631,-4288,-0.235000
-2649,-4587,0.076000
-1738,-5081,0.795000
-1119,-5261,1.162000
-698,-4703,1.812000
-541,-4049,2.487000
-1219,-2694,-2.662000
-1124,-2731,-2.640000
-1693,-2507,-2.268000
-2066,-2455,-2.004000
-2843,-2886,-1.303000
-2985,-3860,-0.567000
-2734,-4345,-0.191000
-2111,-5079,0.513000
-1302,-5223,1.198000
-696,-5013,1.552000
-383,-4404,2.243000
-357,-3928,2.594000
-751,-3042,-3.000000
-2326,-2439,-1.865000
-2401,-2519,-1.799000
-2631,-2661,-1.586000
-2956,-3907,-0.528000
-2890,-4294,-0.230000
-2557,-4854,0.282000
-1801,-5339,0.689000
-1341,-5264,1.292000
-633,-4839,1.935000
-562,-4418,2.262000
-451,-3602,2.980000
-809,-3200,-2.993000
-1877,-2396,-2.385000
-2608,-2762,-1.652000
-2849,-3596,-0.854000
-3183,-3790,-0.644000
-2938,-4432,-0.117000
-2131,-5225,0.588000
-1807,-5377,0.934000
-766,-5198,1.676000
-619,-4696,1.993000
-625,-3932,2.654000
-1081,-3016,-2.955000
-1460,-2760,-2.600000
-2382,-2613,-1.913000
-3003,-3182,-1.180000
-3153,-3579,-0.819000
-3141,-4460,-0.139000
-2495,-5055,0.266000
-1598,-5431,0.971000
-961,-5161,1.649000
-634,-4424,2.323000
-638,-4018,2.631000
-942,-3304,-3.064000
-1337,-2900,-2.771000
-2243,-2624,-2.080000
-2667,-2812,-1.723000
-2937,-4151,-0.564000
-2949,-4503,-0.241000
-2411,-5239,0.360000
-1609,-5549,0.941000
-771,-4942,1.992000
-734,-4970,2.004000
-672,-4891,2.032000
-617,-4394,2.460000
-423,-4092,2.814000
-1041,-3123,-2.780000
-1972,-2887,-2.071000
-2498,-2891,-1.800000
-3018,-4294,-0.459000
-3135,-4341,-0.410000
-2821,-4751,-0.179000
-2237,-5417,0.439000
-1760,-5703,0.821000
-1000,-5449,1.521000
-452,-5354,1.912000
-611,-4407,2.538000
-703,-3988,2.877000
-1497,-3070,-2.731000
-2282,-2931,-2.051000
-2637,-3189,-1.674000
-2903,-4681,-0.286000
-2800,-5033,-0.013000
-2520,-5315,0.244000
-2086,-5662,0.505000
-1478,-5743,1.110000
-997,-5788,1.465000
-471,-5030,2.177000
-624,-4250,2.851000
-1216,-3388,-2.733000
-2119,-3051,-2.298000
-2369,-3131,-2.014000
-3090,-3370,-1.368000
-3065,-4282,-0.580000
-3008,-4795,-0.232000
-2327,-5639,0.465000
-1536,-5785,1.171000
-1050,-5650,1.536000
-577,-4214,2.877000
-918,-3729,-3.062000
-920,-3706,-3.070000
-981,-3597,-2.921000
-1723,-3048,-2.400000
-2182,-3016,-2.054000
-2576,-3080,-1.811000
-2932,-3863,-1.053000
-2990,-4240,-0.687000
-2656,-5095,0.010000
-576,-5371,1.889000
-464,-5389,1.925000
-476,-5416,1.938000
-338,-5121,2.109000
-404,-4362,2.749000
-895,-3541,-2.834000
-1977,-3172,-2.185000
-2219,-3242,-1.874000
-2861,-3442,-1.381000
-2883,-3993,-0.985000
-2885,-4800,-0.289000
-2252,-5698,0.427000
-2146,-5840,0.741000
-874,-5851,1.501000
-504,-5078,2.152000
-504,-4743,2.487000
-948,-3875,-3.127000
-1185,-3350,-2.772000
-2031,-3265,-2.071000
-2466,-3372,-1.718000
-2990,-3974,-1.000000
-2853,-4813,-0.296000
-2617,-5300,0.042000
-1782,-5979,0.754000
-1058,-5958,1.417000
-683,-5129,2.115000
-590,-4738,2.447000
-739,-4010,-3.136000
-1586,-3447,-2.445000
-2121,-3279,-2.106000
-2731,-3655,-1.379000
-2998,-4100,-1.005000
-2747,-4952,-0.282000
-2155,-5626,0.401000
-2061,-5958,0.719000
-1181,-5916,1.434000
-685,-5632,1.803000
-532,-4848,2.498000
-1020,-4024,3.110000
-1121,-3700,-2.788000
-2058,-3303,-2.114000
-2395,-3529,-1.719000
-3005,-4030,-1.050000
-3093,-4839,-0.360000
-2655,-5373,0.030000
-2217,-5932,0.659000
-1183,-5982,1.383000
-510,-5548,2.033000
-582,-5247,2.301000
-585,-4353,2.964000
-1209,-3698,-2.608000
-1675,-3514,-2.283000
-2643,-3568,-1.622000
-3028,-4334,-0.902000
-3138,-4703,-0.547000
-2713,-5558,0.177000
-1658,-6186,0.899000
-485,-4839,2.696000
-447,-4879,2.719000
-545,-4876,2.694000
-556,-4470,3.057000
-1262,-3739,-2.616000
-1677,-3538,-2.250000
-2602,-3691,-1.569000
-2996,-3955,-1.218000
-2773,-4852,-0.498000
-1409,-6212,1.193000
-1417,-6206,1.188000
-1134,-6219,1.267000
-600,-5961,1.754000
-245,-5647,2.128000
-371,-4784,2.826000
-1013,-4019,-2.826000
-2014,-3582,-2.152000
-2630,-3497,-1.838000
-2916,-4308,-1.062000
-3024,-5101,-0.368000
-2837,-5666,0.197000
-2273,-6185,0.543000
-1326,-6404,1.221000
-799,-6255,1.596000
-317,-5531,2.323000
-580,-5026,2.637000
-985,-4319,-2.983000
-1891,-3769,-2.319000
-2702,-3872,-1.647000
-2913,-4143,-1.284000
-2963,-4976,-0.566000
-2525,-5872,0.156000
-2493,-6067,0.454000
-1591,-6321,1.132000
-1368,-6204,1.456000
-275,-5676,2.249000
-643,-5255,2.535000
-1023,-4514,-3.098000
-1878,-3811,-2.417000
-2205,-3682,-2.063000
-2836,-4175,-1.370000
-2985,-4591,-0.984000
-3061,-5266,-0.310000
-2428,-6144,0.418000
-2153,-6328,0.741000
-1358,-6310,1.418000
-922,-6192,1.770000
-684,-5334,2.482000
-700,-4945,2.844000
-1127,-4234,-2.715000
-2383,-3815,-2.102000
-2639,-3894,-1.733000
-3271,-4300,-1.166000
-3256,-4896,-0.554000
-3125,-5442,-0.213000
-2286,-6275,0.515000
-1947,-6398,1.145000
-1315,-6395,1.523000
-581,-5699,2.242000
-906,-4898,2.898000
-1187,-4522,-3.024000
-2045,-3997,-2.350000
-2585,-3798,-2.052000
-3190,-4242,-1.312000
-3222,-5066,-0.587000
-3134,-5461,-0.243000
-2868,-6233,0.399000
-1786,-6514,1.147000
-919,-6242,1.872000
-1289,-4378,-2.806000
-1516,-4351,-2.836000
-1365,-4449,-2.823000
-1957,-4146,-2.582000
-2266,-3908,-2.297000
-3110,-3874,-1.594000
-3176,-4467,-1.176000
-3328,-5316,-0.480000
-3117,-5854,0.161000
-2699,-6207,0.518000
-1832,-6535,1.257000
-1039,-6441,1.647000
-752,-5744,2.337000
-1016,-4620,2.975000
-1127,-4156,-2.949000
-2097,-3722,-2.269000
-2822,-3808,-1.589000
-3411,-4332,-0.872000
-3023,-5136,-0.433000
-3075,-5854,0.147000
-2439,-6352,0.830000
-1728,-6565,1.238000
-1728,-6565,1.238000
-1728,-6565,1.238000
-1225,-4886,2.935000
-1781,-4181,-2.615000
-2476,-3981,-2.326000
-3223,-5776,-0.237000
-3591,-5520,-0.298000
-3507,-5786,-0.178000
-3050,-6048,0.064000
-2352,-6631,0.648000
-2091,-6545,1.215000
-757,-6382,1.983000
-1155,-5957,2.274000
-1359,-5031,2.846000
-1458,-4505,-2.785000
