3 425.617859,2952.279053,-1.781000
3 922.798279,8670.435547,-1.806000
3 1010.571472,8724.135742,-1.806000
3 991.711792,8695.255859,-1.797000
3 957.458130,8636.192383,-1.790000
3 941.940186,8629.643555,-1.790000
3 1028.592896,8662.601562,-1.811000
3 874.011108,8725.786133,-1.756000
3 648.516357,8725.131836,-1.756000
3 762.184326,8763.185547,-1.788000
3 763.283203,8823.281250,-1.749000
3 661.446899,8797.741211,-1.749000
3 785.309326,8777.014648,-1.779000
3 903.148499,8737.066406,-1.779000
3 705.886169,8740.464844,-1.735000
3 625.257935,8685.854492,-1.758000
3 743.405396,8549.287109,-1.766000
3 807.346863,8525.161133,-1.768000
3 755.549011,8528.714844,-1.765000
3 168.011246,8245.731445,-1.760000
3 -524.614502,7760.357910,-1.721000
3 -760.512817,7737.437012,-1.715000
3 -707.841064,7688.509766,-1.722000
3 -949.064880,7227.591797,-1.706000
3 -1247.299927,6520.971191,-1.706000
3 -1247.299927,6520.971191,-1.706000
3 -1247.299927,6520.971191,-1.706000
3 -1423.663574,6463.549316,-1.704000
3 -1620.505371,6270.989258,-1.712000
3 -1579.843872,6024.481445,-1.751000
3 -1524.547241,5783.563477,-1.761000
3 -1590.340210,5578.664062,-1.758000
3 -1729.801270,5330.273438,-1.734000
3 -1902.000854,5029.317383,-1.723000
3 -2121.356689,4707.744141,-1.708000
3 -2247.924805,4393.400391,-1.708000
3 -2223.458008,4365.539062,-1.715000
3 -2200.181152,4311.837891,-1.715000
3 -2273.071289,4162.338379,-1.652000
3 -2260.351807,3841.910400,-1.747000
3 -2182.277344,3779.696533,-1.747000
3 -2239.366211,3690.336426,-1.713000
3 -2300.815186,3515.043945,-1.734000
3 -2307.604248,3509.149902,-1.734000
3 -2324.934814,3539.389648,-1.732000
