-11312,-2565,1.287000
-11222,-2827,1.324000
-11534,-1580,1.219000
-11434,-2138,1.260000
-11161,-2626,1.316000
-11378,-2308,1.278000
-11522,-1943,1.238000
-11202,-2858,1.325000
-11395,-1645,1.216000
-11128,-3059,1.345000
-11464,-1906,1.244000
-11446,-2105,1.264000
-11636,-1259,1.180000
-11492,-1675,1.224000
-11275,-2399,1.298000
-11161,-2486,1.309000
-11380,-1961,1.247000
-11541,-1436,1.208000
-11428,-2109,1.258000
-11196,-2408,1.290000
-11274,-2712,1.312000
-11362,-1493,1.211000
-11626,-552,1.135000
-11485,-1107,1.183000
-11434,-1875,1.238000
-11370,-2282,1.274000
-11346,-1751,1.233000
-11544,-1547,1.214000
-11243,-2498,1.293000
-11556,-1523,1.204000
-11530,-1534,1.217000
