276.158386,133.393982,0.044860
349.564697,93.677452,0.044860
351.115295,93.508911,0.029860
352.590515,93.184067,0.029860
354.404510,96.005997,-0.035140
356.130249,101.445068,-0.035140
352.635193,99.571991,0.017860
349.479004,96.088959,0.010860
349.639771,96.334084,0.010860
350.452820,96.542465,0.006860
351.226318,96.944077,0.006860
351.460022,96.832718,0.011860
351.682312,96.618095,0.011860
350.543945,95.606216,0.032860
351.340942,94.890213,0.012860
353.129333,96.758270,0.003860
351.043518,95.756073,0.011860
349.433899,96.445206,0.037860
347.817444,97.293190,0.543860
348.220459,97.868538,0.874860
349.227264,101.550255,1.260860
351.793091,101.952339,1.649861
354.805969,100.690811,2.018046
358.607727,101.841660,2.304046
363.854004,104.915840,2.631046
