12568
12625
12534
12614
12634
12657
12621
12658
12617
12743
12747
12818
12728
12720
12611
12422
12178
12929
13545
13967
14457
14859
15692
15959
16532
16365
16385
16721
16793
16838
16863
16770
16663
16720
16618
16694
16772
16849
16842
16719
16879
16725
16667
16661
16638
16494
16473
16354
16283
16299
16479
16546
16501
16528
16591
16673
16729
16685
16654
16645
16751
16757
16628
16650
16594
16704
16759
16691
16795
16748
16663
16676
16723
16681
16580
16727
16658
16606
16652
16571
16576
16540
16668
16633
16600
16596
16558
16566
16643
16608
16690
16558
16562
16580
16628
16567
16629
16674
16634
16599
16570
16582
16596
16524
16564
16565
16452
16593
16603
16492
16588
16568
16554
16568
16588
16690
16670
16639
16626
16578
16657
16691
16647
16608
16618
16520
16567
16594
16612
16650
16655
16582
16571
16565
16575
16629
16688
16701
16677
16681
16671
16706
16661
16701
16695
16687
16692
16616
16634
16605
16588
16634
16561
16664
16620
16615
16598
16576
16589
16604
16618
16712
16615
16182
15862
8993
8993
16658
16763
16749
16738
16734
16720
16662
16785
16845
16905
16773
16861
16870
16976
16940
16847
16841
16865
16874
16925
16981
16944
17007
17024
16939
17044
16911
16939
16892
16772
16506
16541
16487
16579
16549
16434
16428
16411
16441
16430
16280
16095
16003
16472
16626
16626
16497
16367
16369
16394
16290
16235
16316
16275
16335
16517
16592
16544
16550
16572
16443
16639
16543
16598
16474
16396
16572
16479
16551
16536
16582
16430
16498
16512
16504
16543
16553
16582
16599
16672
16621
16621
16636
16708
16776
16750
16757
16760
16736
16617
16632
16662
16687
16656
16605
16600
16750
16739
16691
16731
16657
16610
16639
16664
16678
16611
16661
16686
16649
16610
16759
16720
16640
16661
16624
16647
16631
16688
16665
16569
16566
16582
16522
16556
16590
16672
16580
16614
16596
16530
16513
16442
16530
16611
16592
16583
16619
16546
16548
16566
16459
16611
16579
16544
16677
16756
16743
16725
16788
16847
16786
16780
16772
16745
16728
16733
16767
16716
16787
16715
16678
16756
16680
16669
16677
16730
16721
16631
16664
16819
16706
16673
16692
16669
16623
16626
16630
16688
16649
16647
16642
16614
16655
16659
16656
16665
16715
16724
16701
16645
16696
16673
16667
16788
16759
16654
16708
16773
16608
16675
16719
16708
16688
16650
16646
16642
16716
16754
16734
16709
16702
16696
16661
16608
16625
16688
16631
16761
16707
16673
16758
16749
16654
16796
16676
16562
16506
16580
16590
16552
16610
16569
16551
16681
16647
16746
16693
16700
16702
16698
16662
16709
16721
16699
16640
16684
16718
16696
16705
16666
16679
16623
16741
16713
16679
16702
16659
16688
16649
16672
16705
16718
16658
16703
16697
16651
16681
16777
16671
16674
16728
16737
16695
16799
16770
16741
16795
16809
16797
16735
16762
16725
16729
16754
16623
16637
16827
16914
16831
16764
16739
16716
16602
16596
16541
16438
16574
16546
16607
16608
16578
16741
16740
16829
16731
16761
16770
16810
16768
16879
16839
16797
16802
16690
16659
16689
16669
16679
16697
16697
16701
16728
16637
16694
16640
16630
3649
12771
12771
6882
6864
16611
16684
16727
16673
16556
16705
16713
16621
16653
16635
16622
16605
16493
16574
16495
16370
16532
15786
11815
16225
15881
16590
16491
3936
4145
4773
12136
10246
16535
16692
16795
16800
16821
16789
16745
16766
16805
16789
16746
16683
16751
16776
16709
16728
16801
16783
16941
16837
16915
16866
16826
16810
16824
16739
16695
16817
16775
16789
16769
16880
17009
16952
16986
16967
16951
17011
16992
16947
17007
17041
16943
17074
16932
16933
16865
16820
16848
16784
16795
16775
16777
16799
16608
16702
16642
15894
16331
16392
16331
16574
16730
16702
16740
16797
16676
16705
16784
16821
16871
16966
16856
16927
16847
16817
16804
16582
16728
16779
16724
16893
16888
16857
16875
16843
16831
16729
16742
16898
16803
16929
16796
16897
16831
16840
16845
16882
16979
16914
16983
16947
16906
16894
16927
16884
16884
16937
16921
16858
16868
16854
16830
16661
16556
16535
16535
16587
16546
16532
16536
16596
16676
16688
16670
16675
16693
16680
16609
16550
16676
16568
16641
16619
16572
16619
16561
16622
16636
16638
16713
16598
16592
16625
16673
16680
16651
16633
16689
16648
16678
16644
16544
16302
16669
16790
16747
16752
16725
16671
16705
16755
16758
16696
16750
16780
16727
16792
16763
16698
16695
16721
16678
16659
16680
16649
16642
16718
16734
16647
16642
14439
14660
15088
16386
16608
16515
16930
16819
16724
16780
16754
16732
16671
16719
16768
16740
16749
16832
16766
16764
16789
16804
16772
16736
16790
16815
16821
16768
16835
16806
16806
16884
16884
16754
16793
16881
16883
16802
16811
16809
16775
16727
16851
16749
16774
16821
16706
16890
16901
16866
16774
16771
16829
16809
16811
16817
16842
16848
16796
16770
16813
16844
16851
16861
16848
16876
16850
16795
16825
16846
16788
16817
16844
16819
16838
16865
16909
16824
16822
16832
16882
16795
16774
16819
16866
16830
16865
16859
16898
16897
16780
16809
16842
16802
16693
16826
16784
16816
16732
16737
16717
16814
16793
16779
14102
16821
16854
16844
16695
16759
16814
16744
16765
16733
16775
16774
16832
16801
16707
16848
16792
16745
16820
16741
16800
16806
16816
16860
16808
16791
16766
16800
16767
16777
16751
16794
16808
16835
16801
16745
16792
16845
16835
16771
16734
16690
16713
16494
16438
16693
16693
17016
16686
16658
16633
16723
16717
16717
16784
16719
16722
16744
16682
16652
16661
16720
16657
16695
16707
16701
16732
16713
16735
16733
16724
16708
16642
16678
16681
16645
16697
16672
16648
16705
16689
16618
16686
16673
16628
16720
16737
16650
16696
16672
16725
16735
16634
16730
16669
16685
16696
16757
16738
16705
16679
16680
16701
16654
16727
16715
16697
16690
16725
16679
16690
16742
16668
16714
16686
16703
16683
16692
16637
16722
16639
16652
16670
16686
16711
16661
16737
16704
16721
16677
