-11317.255859,-1986.283203,1.308336
-11306.625977,-2150.269043,1.312186
-11333.247070,-2149.176758,1.294245
-11362.809570,-2125.920898,1.296409
-11327.990234,-2165.424072,1.319566
-11308.101562,-2242.021973,1.322703
-11307.473633,-2256.516846,1.308092
-11293.597656,-2281.310303,1.309752
-11308.801758,-2171.898438,1.329111
-11264.762695,-2346.251465,1.322448
-11270.778320,-2313.403809,1.315500
-11295.691406,-2256.787109,1.317907
-11312.037109,-2163.009033,1.329054
-11313.451172,-2122.210205,1.331125
-11339.056641,-2035.211548,1.316137
-11337.013672,-2055.040283,1.275699
-11371.133789,-1901.240356,1.258396
-11362.635742,-1884.440308,1.280463
-11336.744141,-1941.529297,1.321453
-11281.966797,-2079.342285,1.326591
-11271.497070,-2152.358154,1.294966
-11291.829102,-2034.362061,1.279741
-11334.347656,-1865.131714,1.305070
-11330.680664,-1819.603027,1.334533
-11320.099609,-1823.625610,1.318495
-11334.018555,-1723.870483,1.258536
-11368.162109,-1562.941650,1.213686
-11399.634766,-1453.731567,1.227969
-11375.697266,-1646.741943,1.268444
-11359.760742,-1805.429443,1.290114
-11362.519531,-1863.581177,1.286723
