13396
13353
13406
13559
13564
13517
13529
13457
13339
13057
13013
12978
13004
13014
13075
13058
13027
12990
13061
13021
13054
13038
13042
13013
13005
13482
13407
13342
6814
3225
3225
8620
8751
9024
9191
9038
9172
9044
9160
13029
13037
13006
12946
13081
13068
13031
13033
13061
13088
13101
13050
13107
13071
13050
13013
13070
13013
12976
13074
13077
13109
13074
13113
13106
13136
13142
13174
13219
13150
13213
13223
13222
13198
13166
13175
13215
13212
13197
13151
13165
13104
13224
13200
13118
13075
13192
13132
13124
13132
13122
13152
13165
13214
13120
13150
12972
11242
3285
3285
8616
7989
7728
7728
7409
7409
7372
7501
13705
13641
13639
13876
13968
13942
8205
13173
13986
14014
14052
13983
14009
13998
14072
14017
13939
14031
14045
14005
13942
13459
3523
6788
6788
13722
13707
13611
13480
13218
13411
13448
13501
13477
13510
13469
13434
13563
13726
13735
13700
13702
13686
13653
13660
13653
13500
12502
10211
9574
4123
3432
3069
2898
2767
2630
2198
2509
2912
2798
2656
2607
8165
13521
13657
13608
13665
13686
13656
13621
13527
13582
13526
13480
13486
13473
13473
13461
13231
13118
13326
13437
13455
13493
13483
13483
13482
13490
13518
13511
13502
13430
13491
13622
13531
13209
12259
4388
2270
2182
6838
6828
7098
7142
7185
7086
7098
7113
7113
7018
7018
13573
13616
13595
13636
13656
13593
13652
13599
13597
13626
13598
13636
13551
13607
13592
13623
13587
13599
13564
13593
13654
13670
13713
13770
13787
13765
13866
13892
13930
13913
13929
13834
13762
13699
13687
13737
13726
13762
13817
13905
13990
13945
13916
13987
13926
13938
13922
13900
13813
13787
13790
13760
13819
13901
13863
13915
13889
13995
13954
13831
13865
13850
13813
13849
13840
13893
13853
13790
13875
13795
13882
13866
13865
13811
13903
13916
14012
14095
14109
14156
14106
14172
13904
13845
13790
13823
12939
12000
12737
12928
13412
13871
13903
13886
13794
13757
13741
13742
13731
13717
13779
13723
14116
14125
14109
14040
13972
13909
13819
13674
13639
13591
13558
13583
13646
13620
13672
13642
13595
13714
13744
13742
13797
13487
4477
10255
13572
13713
13754
13339
13339
13793
13793
13866
13743
13721
13790
13738
13688
13733
13782
13811
13723
13768
13769
13792
13762
13762
13771
13726
13750
13737
13720
13721
7549
2902
2731
7317
7138
7138
3145
2990
3030
2919
3234
8963
13117
13178
13088
13123
13161
13190
13156
13196
13183
13223
13241
13168
13241
13287
13235
13342
13356
13271
13221
13258
13241
13305
13268
13259
13294
12993
13081
13122
13106
12993
12906
12752
12788
12764
12786
12768
12868
12825
12828
12790
12792
12893
12798
12800
12860
12856
12866
12849
12853
12793
12853
12751
12771
12814
12850
12817
12932
12935
12904
12904
12905
12861
12967
12973
13003
13056
13006
13067
13125
13126
13094
13057
13073
13008
13023
13068
13031
13014
12995
13039
12954
12967
13031
13015
13123
13096
13142
13118
13095
13109
13073
13009
13020
7060
3849
3512
3620
3555
3524
3724
5017
13115
13089
13072
13168
13093
13136
13123
13113
13154
13130
13001
13124
13139
13116
13115
13115
13030
13062
12964
12943
12981
12891
12968
12888
13033
13064
13096
13078
13077
13149
13189
13070
13119
13144
13193
13141
13183
13141
13087
13151
13106
13144
13138
13150
13121
13184
13154
13127
13036
13077
13223
13260
13363
13373
13360
13345
13337
13378
13291
13352
13378
13385
13366
13319
13303
13277
13339
13386
13271
13215
13234
13209
13291
13234
13212
13236
13189
13228
13179
13206
13233
13269
13278
13172
13217
13240
13262
13234
13270
13280
13204
13273
13261
13325
13305
13287
13337
13332
13315
13306
13314
13325
13320
13442
13411
13424
13402
13361
12936
13171
13494
13474
13589
13343
13304
13010
12761
12913
12987
12982
12974
12993
12984
13005
12887
12955
12943
12950
12958
12958
12971
13010
13032
13012
12982
13025
12955
13003
13009
13019
12968
12899
12987
12925
12935
12979
12975
12966
12973
13005
13037
13103
13020
12985
