1341,-4908,2.992000
1512,-4826,3.029000
1512,-4862,3.026000
1334,-4906,2.992000
1490,-4856,3.026000
1380,-4869,3.002000
1263,-4847,2.980000
1290,-4851,2.992000
1497,-4812,3.027000
1317,-4875,2.987000
1357,-4908,2.994000
1609,-4828,3.026000
1361,-4963,2.993000
1457,-4870,3.003000
1613,-4804,3.039000
1558,-4841,3.068000
1763,-4957,3.090000
1156,-5491,2.081000
556,-5507,1.600000
388,-4987,1.539000
17,-4386,1.461000
-61,-4082,1.376000
132,-3227,1.477000
905,-2924,1.537000
275,-1181,1.479000
105,-880,1.435000
44,-799,1.416000
194,-633,1.355000
306,-678,1.330000
410,-681,1.333000
405,-737,1.288000
353,-719,1.301000
293,-620,1.318000
264,-579,1.338000
234,-600,1.369000
310,-542,1.382000
272,-587,1.382000
303,-615,1.331000
334,-648,1.318000
353,-665,1.333000
376,-693,1.332000
370,-640,1.318000
350,-623,1.330000
334,-548,1.394000
385,-587,1.388000
254,-652,1.417000
251,-836,1.467000
293,-822,1.441000
209,-855,1.462000
197,-898,1.445000
355,-806,1.466000
269,-858,1.459000
174,-759,1.445000
196,-675,1.396000
257,-639,1.395000
305,-566,1.357000
274,-617,1.362000
296,-511,1.373000
300,-556,1.370000
352,-556,1.388000
374,-528,1.385000
373,-551,1.393000
243,-637,1.352000
288,-605,1.365000
345,-596,1.367000
316,-563,1.333000
274,-567,1.336000
203,-622,1.328000
254,-627,1.317000
386,-552,1.384000
373,-193,1.390000
335,-245,1.354000
330,-233,1.374000
339,-167,1.365000
321,-156,1.323000
330,-89,1.334000
322,-59,1.301000
293,-64,1.325000
268,-107,1.334000
351,-71,1.310000
409,-97,1.335000
367,-60,1.332000
296,-64,1.356000
357,-69,1.321000
326,-126,1.359000
353,-68,1.327000
329,-75,1.340000
323,-94,1.324000
361,-83,1.334000
364,-115,1.356000
330,-103,1.343000
371,-127,1.366000
376,-78,1.345000
410,-114,1.343000
399,-96,1.350000
382,-100,1.344000
421,-15,1.338000
404,-86,1.379000
474,47,1.386000
439,109,1.331000
402,32,1.297000
353,27,1.275000
321,15,1.314000
365,20,1.313000
373,50,1.306000
318,20,1.296000
371,30,1.306000
354,-2,1.314000
361,47,1.302000
413,-10,1.281000
374,46,1.275000
384,61,1.301000
409,25,1.290000
402,20,1.285000
353,0,1.282000
408,8,1.305000
384,-6,1.304000
311,40,1.277000
347,-5,1.267000
443,-15,1.349000
403,-34,1.366000
478,-37,1.357000
426,-42,1.357000
448,-70,1.328000
288,8,1.364000
277,-94,1.368000
318,-58,1.366000
377,1,1.355000
419,21,1.351000
409,-5,1.357000
381,-9,1.326000
379,8,1.338000
398,2,1.329000
426,-21,1.347000
378,-29,1.331000
403,3,1.309000
227,34,1.344000
136,81,1.387000
115,83,1.354000
23,-24,1.308000
24,26,1.328000
-63,-20,1.317000
-15,-39,1.324000
-20,54,1.335000
-16,18,1.308000
-46,46,1.378000
-8,-18,1.346000
-27,44,1.336000
-23,67,1.343000
9,54,1.364000
-65,-22,1.373000
5,5,1.356000
-66,-23,1.368000
-103,-25,1.365000
-25,-21,1.365000
-71,-77,1.380000
-32,-52,1.375000
-35,-28,1.368000
-37,-59,1.390000
-8,-44,1.383000
0,32,1.351000
-12,42,1.321000
-100,-67,1.380000
-1177,235,1.593000
-598,-106,1.564000
-1924,195,1.654000
-1924,195,1.654000
-40,-12,1.362000
-90,-49,1.357000
-159,76,1.352000
-128,28,1.350000
-130,58,1.332000
-123,44,1.365000
-133,11,1.348000
-135,80,1.299000
-55,153,1.332000
-52,73,1.312000
-6,99,1.294000
61,83,1.303000
182,104,1.311000
163,66,1.302000
170,113,1.296000
152,115,1.302000
175,85,1.315000
154,46,1.294000
165,38,1.325000
215,107,1.281000
183,89,1.318000
169,68,1.297000
189,113,1.286000
136,41,1.292000
157,118,1.310000
186,42,1.308000
62,73,1.275000
54,65,1.324000
3,-18,1.315000
-95,4,1.332000
-68,282,1.137000
-23,257,1.134000
-60,244,1.147000
-111,162,1.154000
-140,100,1.183000
-113,178,1.226000
-13,349,1.213000
35,403,1.242000
95,418,1.208000
12,435,1.235000
111,513,1.213000
144,688,1.208000
156,620,1.072000
157,49,1.060000
213,-13,1.118000
213,-13,1.118000
150,224,1.108000
120,261,1.122000
127,298,1.133000
57,287,1.157000
56,363,1.164000
82,314,1.141000
39,346,1.156000
111,425,1.131000
136,413,1.150000
154,397,1.153000
87,104,1.328000
75,-59,1.388000
47,-106,1.391000
3,-139,1.419000
36,-166,1.416000
49,-72,1.413000
58,-134,1.404000
14,-111,1.430000
49,-126,1.384000
36,-127,1.408000
10,-139,1.418000
57,-166,1.383000
-18,-158,1.415000
-2,-173,1.381000
36,-175,1.384000
50,-77,1.403000
14,-176,1.395000
30,-136,1.412000
31,-159,1.430000
35,-148,1.397000
37,-84,1.394000
148,-109,1.397000
66,-30,1.362000
119,-60,1.348000
120,-57,1.358000
151,-31,1.386000
118,-38,1.357000
144,-43,1.374000
133,-66,1.351000
168,-43,1.368000
184,-73,1.376000
168,-91,1.353000
144,-77,1.375000
175,-89,1.382000
141,-84,1.425000
162,-49,1.371000
164,-103,1.371000
112,-162,1.398000
112,-167,1.417000
94,-171,1.411000
154,-115,1.389000
132,-219,1.402000
162,-181,1.393000
102,-220,1.424000
121,-187,1.393000
98,-229,1.437000
98,-203,1.400000
139,-238,1.401000
89,-209,1.405000
113,-234,1.408000
145,-185,1.430000
137,-125,1.416000
188,-183,1.409000
130,-216,1.452000
145,-177,1.398000
155,-124,1.412000
74,-179,1.431000
73,-143,1.410000
95,-180,1.398000
84,-79,1.374000
89,-84,1.377000
40,-80,1.375000
93,-102,1.410000
113,-95,1.439000
85,-112,1.424000
63,-122,1.421000
80,-161,1.437000
50,-178,1.381000
74,-173,1.440000
60,-139,1.399000
49,-114,1.414000
73,-112,1.412000
103,-83,1.428000
67,-59,1.412000
57,-98,1.396000
24,-159,1.405000
58,-158,1.433000
29,-108,1.406000
31,-133,1.418000
65,-153,1.399000
95,-106,1.413000
48,-129,1.409000
98,-114,1.423000
54,-151,1.396000
91,-117,1.383000
80,-110,1.407000
94,-135,1.418000
77,-130,1.417000
114,-136,1.413000
198,-90,1.429000
242,-120,1.403000
243,-139,1.415000
226,-112,1.433000
247,-131,1.440000
258,-108,1.417000
247,-168,1.402000
199,-114,1.448000
211,-128,1.374000
240,-119,1.391000
179,-104,1.392000
190,-88,1.382000
174,-99,1.423000
188,-113,1.369000
135,-107,1.366000
95,-80,1.392000
139,-145,1.357000
107,-143,1.390000
104,-139,1.386000
137,-124,1.398000
117,-114,1.416000
95,-109,1.435000
147,-83,1.385000
146,-148,1.366000
72,-192,1.376000
122,-175,1.368000
84,-193,1.398000
89,-208,1.339000
44,-284,1.401000
73,-212,1.385000
87,-215,1.393000
79,-168,1.405000
63,-139,1.404000
83,-91,1.383000
92,-32,1.395000
60,-72,1.371000
114,-57,1.363000
74,43,1.391000
41,-74,1.382000
62,-81,1.393000
45,-93,1.391000
148,-11,1.345000
151,-45,1.343000
151,-16,1.341000
138,-38,1.343000
114,-35,1.334000
125,-42,1.338000
84,-58,1.368000
101,19,1.373000
113,-31,1.352000
161,-46,1.353000
101,-29,1.342000
109,-69,1.351000
60,-3,1.364000
89,-33,1.370000
109,29,1.345000
118,-45,1.337000
129,-42,1.327000
140,16,1.358000
188,-6,1.362000
157,42,1.333000
119,-31,1.346000
135,-26,1.360000
155,-31,1.332000
159,0,1.340000
135,-40,1.345000
190,-28,1.345000
121,1,1.337000
88,-27,1.350000
124,-58,1.343000
166,-46,1.344000
168,-16,1.344000
152,-31,1.329000
202,-69,1.341000
136,-66,1.344000
138,-54,1.369000
117,-22,1.360000
154,-40,1.360000
129,-14,1.336000
147,-21,1.370000
98,-43,1.373000
132,-14,1.355000
95,-52,1.383000
2,-49,1.341000
9,-95,1.348000
5,-110,1.310000
-32,-128,1.363000
11,-82,1.348000
2,-44,1.344000
9,-121,1.352000
128,-44,1.304000
70,-77,1.326000
51,-90,1.320000
46,-32,1.331000
60,-110,1.320000
35,-34,1.316000
26,-52,1.306000
16,-21,1.346000
46,-78,1.317000
53,-52,1.349000
5,-65,1.342000
56,-31,1.340000
-8,-66,1.327000
-23,-4,1.336000
6,-66,1.359000
12,-58,1.335000
36,-7,1.329000
35,-39,1.369000
32,-8,1.318000
-7,26,1.307000
70,-24,1.309000
57,-32,1.318000
-5,2,1.333000
50,-58,1.311000
28,12,1.337000
33,-25,1.330000
15,-14,1.367000
47,-74,1.328000
29,21,1.347000
41,-52,1.307000
76,-26,1.345000
5,-40,1.345000
42,-28,1.315000
0,-59,1.338000
-9,-34,1.318000
0,-30,1.309000
3,-6,1.338000
101,-55,1.341000
43,-37,1.327000
86,-41,1.374000
85,-55,1.354000
86,-66,1.350000
44,-20,1.348000
58,-19,1.333000
68,37,1.355000
11,-40,1.340000
29,-14,1.340000
31,3,1.342000
42,-27,1.337000
5,-6,1.306000
-31,-38,1.325000
69,-179,1.309000
79,-307,1.327000
28,-198,1.301000
26,-209,1.337000
30,-146,1.326000
6,-128,1.343000
-18,-77,1.330000
-17,-75,1.321000
-36,-81,1.307000
-44,-87,1.322000
-33,-67,1.345000
-52,-111,1.348000
-4,-63,1.313000
-3,-76,1.327000
-8,-101,1.322000
6,-94,1.331000
55,-255,1.340000
96,-277,1.356000
19,-226,1.336000
96,-180,1.349000
75,-217,1.344000
0,-197,1.347000
18,-179,1.354000
54,-251,1.361000
96,-297,1.363000
109,-376,1.354000
70,-286,1.326000
-22,-213,1.326000
15,-190,1.333000
74,-193,1.329000
0,-168,1.327000
0,-174,1.335000
66,-241,1.356000
-24,-157,1.320000
25,-130,1.326000
25,-163,1.343000
28,-167,1.340000
7,-152,1.312000
50,-263,1.318000
38,-141,1.288000
-1729,395,0.783000
-516,1243,1.801000
-516,1243,1.801000
-9455,10620,-0.032000
-9751,10223,0.011000
21,-162,1.347000
22,-104,1.326000
67,-172,1.334000
24,-192,1.344000
21,-161,1.356000
19,-139,1.358000
3,-155,1.336000
20,-129,1.351000
2,-152,1.344000
-26,-178,1.363000
-10,-198,1.321000
-30,-146,1.345000
-31,-119,1.335000
-37,-146,1.318000
-93,-146,1.374000
-165,-206,1.344000
1,-204,1.352000
-380,-205,1.409000
3777,1369,-1.030000
-210,-144,1.324000
-423,-26,1.249000
-100,-164,1.319000
-180,-114,1.334000
2509,-118,-1.949000
3282,291,-1.737000
4817,348,-1.699000
4924,1069,-1.263000
6850,878,-1.349000
-86,-103,1.330000
-36,-110,1.330000
38,-96,1.319000
22,-91,1.327000
0,-48,1.299000
0,-87,1.329000
19,-93,1.304000
29,-90,1.336000
-11,-70,1.325000
9,-96,1.336000
-6,-102,1.347000
-16,-89,1.321000
-13,-81,1.333000
-2,-80,1.336000
-60,-59,1.310000
-31,-109,1.311000
-27,-93,1.330000
-21,-84,1.322000
52,-174,1.343000
45,-220,1.326000
21,-200,1.340000
25,-196,1.320000
49,-176,1.301000
61,-254,1.315000
12,-121,1.319000
3,-178,1.320000
59,-202,1.346000
80,-186,1.342000
30,-274,1.366000
-7,-211,1.348000
73,-212,1.344000
114,-206,1.327000
185,-141,1.350000
140,-194,1.341000
194,-172,1.344000
148,-139,1.368000
163,-153,1.324000
166,-161,1.337000
163,-224,1.340000
136,-229,1.341000
205,-229,1.361000
165,-262,1.342000
171,-219,1.307000
159,-237,1.336000
180,-206,1.360000
168,-152,1.333000
158,-106,1.326000
174,-91,1.340000
134,-66,1.333000
144,-41,1.354000
132,-28,1.351000
89,-102,1.339000
115,-31,1.350000
157,-68,1.334000
140,-102,1.357000
97,-83,1.336000
28,-72,1.374000
-310,-59,1.341000
-90,-88,1.351000
-78,-103,1.351000
-44,-107,1.330000
58,-70,1.335000
75,8,1.331000
104,-12,1.324000
142,-74,1.349000
128,-51,1.314000
70,-74,1.320000
107,-89,1.325000
89,-77,1.354000
136,-113,1.347000
223,-76,1.341000
242,-101,1.336000
249,-151,1.336000
231,-98,1.334000
138,-194,1.319000
111,-106,1.324000
137,-71,1.332000
138,-72,1.331000
177,-89,1.343000
155,-84,1.318000
168,-79,1.318000
261,-94,1.325000
206,-91,1.327000
223,-80,1.318000
225,-77,1.333000
320,-176,1.328000
207,-70,1.345000
188,-59,1.347000
195,-105,1.330000
160,-73,1.307000
153,-59,1.323000
152,-72,1.324000
196,-100,1.311000
189,-108,1.311000
199,-81,1.344000
221,-95,1.311000
230,-94,1.326000
192,-124,1.310000
225,-39,1.324000
200,-78,1.303000
176,-30,1.327000
226,-101,1.310000
204,-88,1.328000
162,-44,1.292000
173,-29,1.329000
183,-134,1.335000
198,-66,1.329000
214,-74,1.335000
179,-55,1.302000
216,-82,1.320000
91,-99,1.338000
341,-105,1.318000
616,48,1.458000
964,1324,2.191000
559,2182,2.688000
295,2471,2.886000
295,2471,2.886000
489,2186,2.833000
582,2253,2.822000
596,2223,2.838000
582,2254,2.820000
454,2230,2.866000
442,2331,2.883000
517,2267,2.858000
533,2268,2.846000
587,2283,2.838000
530,2344,2.856000
545,2283,2.845000
508,2291,2.858000
469,2319,2.875000
522,2280,2.847000
597,2257,2.832000
500,2281,2.861000
587,2285,2.842000
537,2249,2.843000
552,2279,2.847000
568,2233,2.846000
519,2274,2.856000
583,2274,2.847000
598,2281,2.843000
613,2258,2.834000
533,2300,2.869000
555,2298,2.839000
599,2319,2.832000
490,2355,2.861000
489,2305,2.891000
424,2302,2.881000
454,2272,2.849000
506,2302,2.907000
415,2289,2.902000
550,2347,2.929000
272,2884,-3.092000
-523,2900,-2.476000
-1997,2954,-1.820000
-1609,3163,-1.762000
-1375,3286,-1.804000
-1376,3386,-1.802000
-1438,3351,-1.791000
-1280,3371,-1.821000
-1326,3414,-1.822000
-1276,3423,-1.830000
-1424,3330,-1.796000
-1357,3376,-1.809000
-1372,3402,-1.806000
-1345,3371,-1.803000
-1384,3379,-1.794000
-1230,3439,-1.831000
-1334,3377,-1.801000
-1358,3392,-1.806000
-1448,3382,-1.786000
-1304,3402,-1.813000
-1364,3349,-1.802000
-1310,3427,-1.820000
-1281,3382,-1.823000
-1322,3375,-1.813000
-1282,3329,-1.813000
-1261,3427,-1.825000
-1373,3381,-1.788000
-1276,3427,-1.816000
-1562,3293,-1.797000
-1482,3456,-1.794000
2933,8614,-1.816000
-3096,9244,-1.034000
-4853,7678,-0.723000
-4498,2987,-0.210000
-2040,1152,-0.345000
-2139,912,-0.289000
-1832,1361,-0.296000
-1224,1643,-0.283000
-1803,1832,-0.241000
-1781,1727,-0.228000
-1729,1828,-0.262000
-1757,1807,-0.273000
-1700,1910,-0.292000
-1841,1715,-0.215000
-1796,1752,-0.255000
-1773,1764,-0.239000
-1767,1776,-0.242000
-1737,1715,-0.220000
-1741,1769,-0.232000
-1731,1794,-0.226000
-1719,1780,-0.238000
-1719,1786,-0.232000
-1741,1713,-0.204000
-1724,1751,-0.217000
-1685,1808,-0.254000
-1759,1801,-0.237000
-1702,1822,-0.251000
-1729,1737,-0.239000
-1631,1752,-0.256000
-1738,1804,-0.226000
-1738,1804,-0.226000
-1730,1763,-0.230000
-1730,1763,-0.230000
-1729,1734,-0.223000
-1692,1779,-0.252000
-1637,1776,-0.267000
-1681,1754,-0.242000
-1718,1761,-0.241000
-1790,1679,-0.205000
-1588,1777,-0.259000
-1708,1751,-0.234000
-1818,1611,-0.212000
-1761,1688,-0.189000
-1742,1678,-0.197000
-1747,1713,-0.220000
-1771,1700,-0.198000
-1666,1768,-0.265000
-1707,1698,-0.213000
-1740,1678,-0.192000
-1677,1749,-0.232000
-1713,1767,-0.234000
-1652,1747,-0.255000
-1719,1709,-0.229000
-1600,1807,-0.256000
-1669,1848,-0.256000
-1745,1794,-0.227000
-1731,1801,-0.247000
-1731,1773,-0.237000
-1663,1826,-0.260000
-1731,1773,-0.238000
-1749,1752,-0.219000
-1689,1811,-0.241000
-1742,1778,-0.212000
-1762,1779,-0.213000
-1617,1774,-0.257000
-1691,1781,-0.239000
-1723,1776,-0.239000
-1711,1776,-0.207000
-1690,1849,-0.249000
-1685,1774,-0.239000
-1669,1765,-0.231000
-1767,1732,-0.212000
-1685,1809,-0.268000
-1730,1733,-0.219000
-1792,1682,-0.189000
-1858,1701,-0.212000
-1744,1748,-0.228000
-1725,1785,-0.247000
-1714,1769,-0.249000
-1732,1781,-0.223000
-1788,1707,-0.221000
-1767,1725,-0.224000
-1677,1773,-0.246000
-1767,1693,-0.217000
-1726,1679,-0.217000
-1774,1648,-0.199000
-1747,1689,-0.221000
-1647,1745,-0.243000
-1662,1749,-0.251000
-1709,1748,-0.255000
-1724,1743,-0.235000
-1652,1791,-0.257000
-1694,1733,-0.237000
-1597,1824,-0.283000
-1680,1703,-0.236000
-1620,1753,-0.256000
-1588,1787,-0.271000
-1643,1808,-0.272000
-1803,1707,-0.230000
-1798,1764,-0.244000
-1797,1713,-0.245000
-1729,1756,-0.261000
-1714,1759,-0.260000
-1689,1793,-0.256000
-2897,1688,0.070000
-1724,1720,-0.218000
-1752,1764,-0.230000
-1728,1785,-0.250000
-1794,1602,-0.203000
-1756,1779,-0.243000
-1767,1742,-0.234000
-1763,1746,-0.239000
-1690,1812,-0.270000
-1756,1763,-0.259000
-1695,1827,-0.275000
-1751,1788,-0.227000
-1713,1797,-0.258000
-1824,1709,-0.212000
-1761,1809,-0.229000
-1780,1709,-0.227000
-1751,1792,-0.249000
-1724,1798,-0.242000
-1732,1774,-0.252000
-1726,1822,-0.262000
-1735,1750,-0.236000
-1676,1809,-0.275000
-1710,1787,-0.252000
-1708,1829,-0.258000
-1688,1832,-0.257000
-1663,1818,-0.263000
-1665,1838,-0.273000
-1812,1745,-0.226000
-1734,1764,-0.246000
-1715,1792,-0.249000
-1686,1825,-0.270000
-1717,1836,-0.255000
-1695,1833,-0.259000
-1686,1799,-0.266000
-1661,1794,-0.264000
-1735,1823,-0.257000
-1742,1750,-0.239000
-1645,1823,-0.265000
-1611,1887,-0.282000
-1676,1832,-0.259000
-1642,1810,-0.270000
-1731,1843,-0.266000
-1925,1656,-0.228000
-2017,1371,-0.207000
-1968,1271,-0.155000
-1616,1823,-0.293000
-1616,1823,-0.293000
-1805,1484,-0.271000
-1893,1588,-0.233000
-1846,1745,-0.284000
-1975,1659,-0.242000
-2085,1626,-0.204000
-1966,1691,-0.242000
-1966,1691,-0.242000
-2014,1675,-0.223000
-1864,1782,-0.266000
-1907,1747,-0.257000
-1906,1660,-0.252000
-1945,1710,-0.230000
-1952,1663,-0.253000
-1966,1716,-0.252000
-1956,1729,-0.243000
-1901,1715,-0.257000
-1944,1758,-0.250000
-1918,1704,-0.264000
-1909,1747,-0.271000
-1905,1787,-0.271000
-1896,1678,-0.235000
-1903,1718,-0.260000
-1905,1682,-0.261000
-1893,1739,-0.283000
-1889,1723,-0.257000
-1920,1652,-0.249000
-1842,1784,-0.278000
-1873,1727,-0.268000
-1954,1653,-0.229000
-1866,1742,-0.282000
-1858,1723,-0.281000
-1877,1784,-0.264000
-1858,1744,-0.276000
-1903,1712,-0.271000
-1855,1758,-0.294000
-1965,1649,-0.237000
-1908,1702,-0.257000
-1933,1683,-0.249000
-1874,1698,-0.252000
-1819,1710,-0.274000
-1919,1729,-0.249000
-1839,1731,-0.287000
-1896,1734,-0.253000
-1832,1745,-0.266000
-1846,1704,-0.265000
-1897,1694,-0.259000
-1906,1714,-0.278000
-1818,1771,-0.279000
-1959,1635,-0.247000
-1904,1634,-0.233000
-1860,1674,-0.264000
-1877,1693,-0.253000
-1928,1714,-0.246000
-1896,1772,-0.258000
-1955,1732,-0.257000
-1914,1733,-0.242000
-1965,1705,-0.243000
-1882,1699,-0.242000
-1862,1736,-0.262000
-1963,1688,-0.248000
-1865,1680,-0.240000
-1927,1698,-0.254000
-1943,1654,-0.227000
-1894,1720,-0.260000
-1937,1674,-0.240000
-1892,1747,-0.265000
-1868,1726,-0.271000
-1944,1704,-0.243000
-1967,1681,-0.234000
-2036,1676,-0.240000
-1987,1706,-0.234000
-1905,1791,-0.271000
-1950,1690,-0.237000
-1945,1707,-0.249000
-1981,1661,-0.231000
-1884,1730,-0.260000
-1970,1680,-0.238000
-1894,1716,-0.253000
-1834,1828,-0.297000
-1844,1742,-0.269000
-1882,1713,-0.247000
-1943,1728,-0.251000
