3 966.432861,230.365417,1.522000
3 1885.869873,674.377441,1.522000
3 1877.713989,694.424011,1.577000
3 1889.324463,707.919067,1.549000
3 1885.324341,677.125732,1.545000
3 1863.987305,711.179688,1.545000
3 1850.224609,713.897888,1.552000
3 1877.399536,697.051819,1.529000
3 1939.666504,644.630859,1.508000
3 1962.458252,625.639221,1.508000
3 1945.637329,691.554993,1.545000
3 1918.930298,816.903870,1.565000
3 1908.746704,813.629395,1.565000
3 1878.163330,798.679443,1.562000
3 1887.296631,787.532593,1.551000
3 1920.608276,804.258240,1.547000
3 1905.465332,769.500061,1.530000
3 1831.131104,1007.099365,1.584000
3 1755.682617,1485.392700,1.589000
3 1734.023315,1547.480591,1.561000
3 1754.734253,1604.573486,1.549000
3 1764.124878,1644.066406,1.550000
3 1774.602783,1758.632935,1.503000
3 1816.155273,1867.826050,1.507000
3 1832.157959,2015.175049,1.507000
3 1832.157959,2015.175049,1.507000
3 2267.460693,1252.726685,0.507000
3 2554.674561,511.975708,1.261000
3 1955.806519,2814.721436,1.734000
3 1600.843018,4636.301270,1.662000
3 1971.649658,4902.214355,1.643000
3 2186.085693,5119.855957,1.634000
3 1891.247803,5339.008301,1.610000
3 1608.239624,5646.683594,1.593000
3 1475.903809,5892.363770,1.593000
3 1484.294434,6279.612305,1.565000
3 1462.452637,6450.607910,1.581000
3 1433.655273,6565.407227,1.555000
3 1611.423096,6645.642578,1.541000
3 1615.976929,6671.440430,1.571000
3 1524.809082,6719.902344,1.571000
3 1595.150879,6796.011719,1.554000
3 1679.402344,6903.971680,1.569000
3 1867.666382,6826.596680,1.509000
3 2031.089478,6821.357422,1.509000
