3 650.405273,-1867.726685,1.711000
3 1269.182251,-5467.629395,1.711000
3 1440.958740,-5429.574707,1.779000
3 1604.381836,-5356.228027,1.779000
3 1518.238770,-5402.776855,1.759000
3 1439.852661,-5504.047852,1.740000
3 1443.247192,-5526.313965,1.740000
3 1374.434692,-5521.897461,1.722000
3 1386.955933,-5480.765625,1.772000
3 1461.151001,-5417.896973,1.772000
3 1513.652588,-5431.827148,1.768000
3 1563.600830,-5458.677734,1.768000
3 1525.881348,-5415.866211,1.761000
3 1489.996216,-5333.350586,1.761000
3 1435.455811,-5356.794922,1.742000
3 1419.758057,-5348.978027,1.772000
3 1383.337158,-5288.607422,1.731000
3 1320.518677,-5338.239258,1.771000
3 1091.430542,-5260.636230,1.699000
3 773.502441,-5231.704102,1.689000
3 594.662537,-5104.889648,1.668000
3 489.845367,-4723.483398,1.672000
3 436.346191,-4473.980957,1.681000
3 402.276794,-4410.692871,1.687000
3 245.406342,-4152.285156,1.629000
3 -43.741402,-3691.703613,1.565000
3 -126.536896,-3358.441895,1.579000
3 -112.269127,-2737.660400,1.565000
3 -83.009048,-2727.368652,1.610000
3 -118.704842,-2668.505615,1.567000
3 -147.176819,-2569.719482,1.614000
3 -182.847839,-2445.401123,1.537000
3 -237.340424,-2232.991211,1.561000
3 -106.572556,-1909.396484,1.629000
3 -35.818459,-1569.757935,1.647000
3 -50.603569,-1346.831421,1.576000
3 -45.754223,-1193.588257,1.576000
3 -39.637554,-1049.864746,1.615000
3 -33.818336,-772.848450,1.615000
3 -48.090553,-735.473511,1.623000
3 -23.949306,-618.246460,1.650000
3 11.935884,-531.146790,1.650000
3 3.780332,-558.668335,1.661000
3 -3.978628,-611.714050,1.661000
3 -30.484171,-559.729004,1.658000
