16558
16827
16548
16393
16543
16661
16754
16405
16554
16817
16829
16775
16690
16625
16692
16684
16657
16649
16739
17009
16761
16980
16723
16524
16651
16893
17111
16899
17201
17157
17267
17039
17277
17254
17165
17021
17079
17314
17219
17268
16907
16700
16558
16843
16724
16833
16694
16653
16727
16987
16866
16796
16944
16822
16925
16855
16839
16868
17018
17089
17051
16941
16859
17066
16924
17067
17048
16968
16811
16873
16805
17112
17122
16972
17031
17061
17198
17150
17220
17232
17203
17175
17063
17137
17062
16887
17167
17162
17196
17163
17147
17080
17211
17219
17214
17166
17169
17150
17197
17199
17207
17188
17190
17169
17231
17148
17227
17232
17241
17196
17213
17205
17197
17196
17146
17184
15864
15037
14901
15109
16740
18037
18042
17949
16224
14043
13746
13986
13841
13796
13848
13661
14231
16917
17099
17146
17134
17149
17133
17147
17134
16889
17152
17126
17134
17169
17174
17144
17154
17145
17159
17141
17159
17025
17151
17139
17131
17174
17152
17180
17171
17147
17144
17188
17032
17042
17128
17215
17035
17034
16872
17079
17183
17095
17030
16941
17116
17093
17076
17169
17162
17040
16947
17075
17067
17018
16939
16985
16924
17107
17169
16991
17145
17177
17182
17238
16958
17226
17231
17206
17211
17225
17218
17228
17224
17046
17157
17163
17140
17171
17244
17256
17277
17245
17217
17218
17223
17226
17248
17256
17229
17016
11380
6531
6727
17086
17150
17150
17250
17274
17218
17222
17199
17175
17170
17213
17252
17157
17171
17171
17200
17127
17221
17236
17218
17174
17220
17151
17232
17199
17206
17258
17056
17051
17123
17192
17156
17087
16950
17207
17174
17190
17175
17208
17213
17204
17197
17111
17140
17142
17161
17154
17154
17178
17122
17164
17118
17167
17165
17040
17137
17135
17100
17117
17108
17192
17161
17067
17176
17119
17143
17177
17139
17159
17159
17129
17161
17178
17175
17136
17117
17105
17118
17138
17144
17149
17149
17128
17117
17067
16948
17108
17114
17134
17152
17119
17152
17129
17092
17175
17172
17075
17187
17149
17144
17137
17155
17180
17122
17097
17081
16932
16929
17185
17147
17174
17147
17140
17071
17203
17167
17130
17158
17123
17079
17159
17140
17149
17104
17162
17117
17133
17148
17063
17033
17127
17056
17094
17108
17121
17121
17046
17148
17153
17139
17068
17073
17134
16996
16825
16910
16884
16774
17002
17150
17120
17072
17055
17074
16920
16715
17024
16939
16754
16566
16656
16827
16573
16736
17016
16797
16980
16729
16834
16757
16763
16874
17116
17170
16949
16892
16931
16929
17044
17121
16983
17152
16920
17032
16814
17091
17057
17085
17069
17143
17187
17190
17100
17192
17128
17155
16969
17176
17145
16921
16866
17095
17053
17028
17106
16804
16909
16857
16888
16876
16749
16908
16831
16775
17093
17139
17016
16947
16968
16920
16825
16812
16841
16820
16848
16829
16761
16829
16848
16567
16724
16852
16838
16795
16841
16839
16787
16788
16806
16795
16762
16858
16815
16807
16832
16792
16808
16791
16847
16866
16754
16806
16770
16719
16758
16763
16744
16741
16790
16747
16795
16754
16829
16851
16865
16939
16924
16903
17065
16911
17007
17010
17037
16890
16831
16860
16837
16876
16859
16818
16885
16864
16902
16872
16896
16856
16809
16890
16839
16883
16809
16796
16792
16791
16811
16708
16853
16802
16830
16823
16707
16875
16922
16816
16798
16795
16806
16839
16848
16742
16698
16793
16839
16761
16776
16786
16822
16784
16839
16872
16877
16830
16801
16839
16863
16872
16803
16853
16880
16864
16904
16887
16856
16855
16914
16892
16853
16838
16868
16886
16919
16924
16885
16851
16944
16930
16946
16957
16915
16910
16862
16854
16935
16920
16870
16889
16928
16893
16951
16926
16862
16921
16874
16904
16870
16854
16815
16835
16936
16891
16897
16930
16834
16863
16875
16904
16881
16836
16907
16859
16922
16940
16874
16863
16864
16936
16888
16827
16951
16882
16881
16897
16904
16855
16871
16880
16900
16891
16844
16906
16968
16954
16928
16986
16872
16403
16925
16878
16913
16899
16944
16937
16941
