15,-482,1.783000
0,-485,1.761000
37,-469,1.750000
40,-493,1.758000
66,-475,1.753000
7,-460,1.734000
44,-543,1.741000
-8,-519,1.720000
-50,-464,1.730000
-66,-497,1.720000
31,-469,1.759000
-55,-505,1.700000
-37,-530,1.743000
-27,-470,1.704000
4,-373,1.730000
-40,-416,1.693000
-58,-388,1.723000
-68,-375,1.712000
-93,-384,1.724000
4,-368,1.697000
-52,-339,1.694000
-59,-377,1.693000
-26,-372,1.722000
-5,-345,1.738000
8,-379,1.731000
66,-383,1.739000
164,-425,1.715000
92,-804,1.739000
64,-843,1.753000
132,-882,1.785000
95,-850,1.777000
84,-889,1.755000
100,-846,1.773000
155,-851,1.782000
99,-814,1.761000
109,-887,1.751000
144,-765,1.773000
138,-832,1.773000
91,-946,1.760000
32,-938,1.709000
-74,406,1.581000
-40,465,1.566000
-29,438,1.544000
-92,462,1.571000
-65,423,1.558000
-87,409,1.607000
-33,443,1.555000
-56,474,1.597000
-43,436,1.571000
-59,451,1.554000
-90,448,1.603000
-64,433,1.562000
-99,452,1.606000
-28,466,1.584000
-49,490,1.575000
-84,430,1.577000
-52,460,1.582000
46,522,1.544000
77,118,1.659000
22,9,1.690000
-90,-41,1.665000
-76,-28,1.668000
-69,-26,1.689000
-67,-111,1.693000
-39,-118,1.715000
-7,-107,1.715000
-51,-56,1.683000
-70,-77,1.675000
-46,-48,1.703000
-1,-74,1.709000
-87,-25,1.696000
-28,-66,1.686000
-53,-34,1.701000
46,-132,1.684000
-32,-72,1.700000
-53,-52,1.736000
-24,-54,1.693000
-53,-83,1.733000
-25,-8,1.716000
-48,-78,1.715000
-64,-96,1.662000
-14,-109,1.698000
173,43,1.738000
16,0,1.739000
21,-22,1.663000
59,-64,1.658000
118,-160,1.667000
79,-188,1.658000
26,-178,1.631000
69,-155,1.663000
42,-170,1.644000
81,-181,1.647000
122,-183,1.678000
72,-165,1.636000
113,-158,1.663000
32,-211,1.650000
54,-177,1.626000
10,-168,1.639000
76,-157,1.672000
61,-180,1.623000
58,-187,1.618000
102,-240,1.649000
92,-214,1.627000
95,-122,1.646000
92,-149,1.609000
98,-179,1.681000
105,-129,1.623000
104,-156,1.646000
47,-144,1.638000
83,-127,1.622000
46,-189,1.615000
85,-135,1.639000
56,-196,1.614000
86,-115,1.654000
130,-200,1.636000
130,-230,1.645000
421,2299,1.600000
203,3164,1.608000
-402,2866,1.609000
-572,2834,1.639000
1214,1380,1.730000
-860,-538,1.349000
-1153,-599,1.384000
414,-271,1.602000
650,3660,1.858000
2773,5069,1.780000
-3024,1924,1.745000
-3571,1687,1.722000
-3639,1492,1.778000
-3596,1565,1.751000
-3687,1458,1.770000
-3700,1532,1.762000
-3023,1998,1.805000
746,1090,1.576000
2,154,1.659000
25,7,1.641000
-31,0,1.622000
-31,16,1.657000
-102,14,1.671000
-86,21,1.646000
-53,32,1.627000
-53,235,1.668000
-43,65,1.624000
-12,46,1.678000
-16,84,1.633000
-14,42,1.666000
37,38,1.656000
-21,37,1.635000
-11,25,1.647000
-30,37,1.633000
-44,-3,1.653000
-4,10,1.688000
2,0,1.622000
-36,26,1.644000
-6,33,1.641000
0,-13,1.651000
-24,-6,1.650000
1,26,1.661000
-20,5,1.669000
-67,47,1.672000
-11,28,1.662000
-71,-23,1.638000
-28,-38,1.676000
22,-8,1.694000
-67,-6,1.629000
-57,0,1.620000
-57,17,1.613000
-84,-8,1.662000
-53,16,1.644000
-31,-25,1.637000
-20,13,1.616000
-59,4,1.640000
-90,-1,1.636000
-55,28,1.646000
-67,-12,1.647000
-46,26,1.629000
-39,-28,1.656000
-33,3,1.659000
-66,23,1.610000
-48,8,1.670000
-61,29,1.647000
-48,7,1.665000
-67,7,1.644000
-95,-8,1.644000
-73,-19,1.666000
-33,5,1.644000
-1,35,1.666000
-2,-17,1.662000
-67,27,1.638000
-134,30,1.630000
-82,52,1.629000
-100,5,1.647000
-130,-35,1.643000
-90,-35,1.639000
-78,-4,1.624000
-44,-35,1.656000
-141,24,1.642000
-61,37,1.628000
-42,-4,1.643000
-62,46,1.683000
-46,-7,1.649000
-54,10,1.659000
-29,21,1.633000
-87,44,1.688000
-12,21,1.658000
55,-28,1.624000
102,-96,1.601000
70,-132,1.606000
101,-111,1.584000
24,-116,1.580000
-165,-238,1.521000
-213,-199,1.527000
-194,-193,1.536000
-181,-210,1.495000
-152,-206,1.545000
-233,-190,1.529000
-148,-208,1.503000
-204,-193,1.502000
-117,-236,1.548000
-5,-174,1.518000
21,-91,1.566000
95,79,1.649000
-1371,1447,2.675000
-1695,1534,3.014000
-1869,1629,3.081000
173,6,1.621000
25,-36,1.611000
-5,-54,1.631000
-47,-57,1.588000
-108,-82,1.607000
-70,-64,1.584000
-64,-46,1.574000
-46,-62,1.604000
-35,-46,1.599000
-77,-87,1.592000
-82,-79,1.586000
-44,-70,1.595000
-26,-39,1.566000
-58,-65,1.594000
-75,-16,1.585000
-96,-70,1.582000
-46,-43,1.580000
-21,-5,1.575000
27,-55,1.633000
-19,-51,1.574000
-25,-92,1.618000
-16,-117,1.574000
-91,-67,1.577000
-13,-90,1.585000
-36,-47,1.561000
-91,-93,1.614000
-60,-92,1.591000
-62,-29,1.584000
-71,-68,1.549000
-36,-90,1.577000
-58,-80,1.591000
-54,-38,1.582000
22,-74,1.616000
28,-73,1.622000
34,-73,1.575000
-27,-86,1.580000
-7,-104,1.559000
21,-79,1.607000
-35,-105,1.606000
-22,-84,1.598000
-23,-129,1.583000
-62,-79,1.560000
-57,-79,1.608000
-46,-136,1.613000
-93,-88,1.569000
-63,-75,1.580000
-53,-79,1.604000
-30,-104,1.599000
-10,-112,1.611000
1,-128,1.568000
-28,-99,1.580000
-16,-129,1.605000
-38,-119,1.558000
-51,-80,1.586000
-36,-101,1.600000
-62,-157,1.556000
-53,-117,1.598000
-73,-75,1.592000
-42,-115,1.570000
-14,-89,1.596000
8,-72,1.601000
-4,-106,1.565000
37,-82,1.603000
-8,-100,1.615000
71,-79,1.631000
55,-104,1.584000
42,-142,1.560000
-2,-91,1.601000
-21,-102,1.589000
17,-81,1.584000
44,-111,1.566000
17,-86,1.580000
-6,-101,1.576000
45,-82,1.580000
2,-94,1.547000
-13,-97,1.584000
5,-97,1.609000
-46,-77,1.579000
20,-104,1.602000
-7,-99,1.578000
21,-78,1.617000
-4,-77,1.584000
9,-105,1.590000
-5,-126,1.589000
-24,-114,1.618000
-54,-72,1.615000
-21,-70,1.599000
0,-148,1.601000
-70,-82,1.612000
-42,-108,1.620000
-10,-73,1.594000
-13,-92,1.608000
30,-88,1.595000
29,-79,1.613000
-11,-123,1.581000
29,-77,1.597000
42,-26,1.574000
-19,-106,1.591000
-3,-68,1.609000
49,-91,1.617000
8,-71,1.591000
25,-96,1.574000
-2,-88,1.587000
-11,-58,1.605000
-2,-112,1.584000
21,-91,1.566000
-2,-122,1.610000
25,-43,1.623000
35,-83,1.603000
33,-40,1.595000
20,-100,1.578000
61,-58,1.631000
19,-115,1.615000
32,-80,1.587000
48,-31,1.596000
36,-89,1.612000
51,-54,1.609000
37,-105,1.588000
40,-61,1.587000
4,-47,1.612000
24,-62,1.598000
-24,-66,1.586000
2,-70,1.585000
32,-7,1.577000
37,34,1.546000
6,9,1.581000
-55,-38,1.588000
4,-5,1.571000
-31,-12,1.555000
41,-23,1.608000
-38,-40,1.588000
-68,-24,1.573000
-54,-31,1.602000
-77,-7,1.587000
44,-25,1.574000
-36,26,1.561000
20,-37,1.572000
0,30,1.608000
8,41,1.607000
-6,8,1.591000
-42,-11,1.577000
-31,-16,1.582000
-2,0,1.602000
49,43,1.586000
71,90,1.578000
-6,-7,1.594000
-42,2,1.579000
-34,-3,1.568000
-10,4,1.590000
14,20,1.570000
5,6,1.586000
-11,32,1.575000
-9,48,1.591000
-77,10,1.599000
-28,6,1.572000
-50,-13,1.617000
3,-3,1.571000
-8,6,1.625000
-33,-19,1.603000
-53,-34,1.625000
-29,30,1.573000
15,23,1.584000
-50,9,1.584000
-7,35,1.603000
-38,-9,1.576000
-22,28,1.591000
-28,-5,1.566000
-28,-15,1.596000
14,9,1.620000
65,-19,1.584000
108,-15,1.547000
51,-19,1.604000
141,-47,1.596000
174,-72,1.588000
76,-76,1.550000
78,-84,1.587000
81,-107,1.578000
29,-85,1.549000
34,-90,1.561000
74,-34,1.568000
48,-82,1.562000
76,-43,1.585000
32,-12,1.593000
-30,29,1.602000
-51,21,1.598000
-63,5,1.584000
-38,7,1.571000
-45,7,1.561000
98,-5,1.559000
50,-16,1.617000
99,44,1.542000
72,17,1.561000
70,7,1.582000
157,-34,1.560000
72,-34,1.574000
102,-22,1.599000
108,-2,1.609000
64,-4,1.626000
53,-19,1.577000
41,-28,1.582000
51,11,1.574000
-1,10,1.610000
-57,25,1.575000
15,-58,1.579000
23,-63,1.571000
-3,-50,1.535000
6,-6,1.580000
-59,-44,1.553000
-38,-10,1.571000
-51,-68,1.570000
-77,-6,1.578000
-100,51,1.556000
-83,-33,1.564000
-106,-57,1.551000
-77,21,1.571000
-72,-41,1.587000
-149,-13,1.579000
-107,-22,1.601000
-53,-55,1.579000
307,232,1.661000
517,305,1.742000
497,330,1.756000
489,305,1.733000
514,339,1.704000
504,318,1.731000
485,348,1.746000
495,330,1.761000
494,330,1.738000
438,325,1.752000
377,175,1.756000
445,350,1.756000
464,394,1.728000
474,354,1.742000
429,388,1.781000
472,341,1.747000
465,389,1.751000
506,300,1.724000
530,331,1.759000
502,364,1.771000
504,319,1.747000
558,331,1.747000
460,364,1.773000
528,324,1.767000
538,342,1.749000
511,325,1.730000
497,347,1.719000
476,326,1.729000
486,350,1.720000
469,378,1.735000
498,365,1.754000
502,294,1.735000
552,354,1.740000
476,296,1.751000
471,309,1.736000
477,306,1.735000
446,408,1.752000
480,363,1.724000
477,382,1.741000
413,347,1.728000
453,406,1.750000
419,353,1.751000
491,389,1.748000
588,417,1.748000
652,423,1.761000
775,374,1.775000
787,350,1.737000
708,457,1.766000
713,385,1.754000
931,323,1.741000
727,342,1.739000
783,419,1.769000
776,371,1.766000
798,427,1.778000
674,335,1.756000
595,386,1.771000
610,454,1.772000
634,445,1.797000
601,379,1.734000
614,387,1.746000
614,344,1.717000
641,353,1.744000
615,354,1.738000
582,371,1.762000
592,354,1.731000
583,390,1.746000
577,347,1.753000
559,349,1.733000
556,329,1.723000
509,365,1.755000
532,366,1.736000
552,381,1.727000
599,396,1.759000
594,368,1.736000
549,362,1.715000
560,377,1.772000
560,367,1.756000
520,331,1.747000
548,327,1.711000
534,324,1.757000
601,312,1.708000
626,344,1.722000
596,357,1.729000
584,402,1.755000
621,313,1.728000
568,322,1.773000
585,317,1.750000
589,330,1.728000
562,357,1.760000
505,303,1.754000
578,350,1.755000
563,353,1.767000
532,322,1.750000
547,284,1.752000
548,304,1.751000
555,274,1.736000
535,304,1.739000
514,280,1.734000
506,335,1.776000
544,260,1.733000
506,299,1.763000
505,379,1.786000
486,307,1.749000
534,341,1.736000
536,398,1.749000
495,331,1.750000
479,312,1.748000
523,382,1.756000
548,325,1.749000
591,381,1.759000
480,370,1.760000
428,356,1.734000
455,281,1.724000
428,298,1.755000
483,337,1.757000
455,287,1.758000
475,397,1.745000
522,292,1.765000
445,323,1.760000
476,330,1.792000
505,363,1.777000
529,300,1.747000
501,311,1.761000
435,315,1.756000
530,340,1.751000
457,393,1.755000
529,357,1.743000
466,378,1.743000
489,394,1.764000
568,356,1.762000
486,403,1.763000
543,352,1.760000
539,327,1.752000
501,355,1.753000
512,317,1.700000
512,295,1.721000
487,367,1.757000
485,346,1.749000
521,340,1.745000
454,356,1.734000
468,380,1.741000
472,323,1.751000
536,320,1.764000
505,395,1.765000
493,341,1.775000
502,328,1.756000
509,324,1.793000
497,337,1.791000
517,301,1.760000
492,350,1.756000
496,373,1.757000
505,349,1.737000
469,382,1.766000
507,366,1.790000
452,348,1.760000
471,343,1.738000
461,373,1.770000
480,291,1.764000
518,348,1.731000
492,333,1.759000
532,322,1.761000
527,333,1.773000
529,295,1.723000
491,337,1.787000
502,342,1.779000
512,318,1.743000
421,339,1.746000
483,349,1.752000
465,334,1.721000
503,425,1.793000
516,387,1.742000
453,321,1.721000
450,322,1.734000
505,315,1.732000
483,300,1.733000
487,371,1.772000
534,336,1.743000
565,306,1.741000
513,352,1.753000
539,340,1.738000
520,321,1.752000
542,327,1.733000
545,342,1.728000
500,352,1.736000
468,344,1.763000
533,327,1.736000
493,145,1.705000
548,350,1.759000
456,306,1.748000
505,316,1.715000
523,348,1.736000
486,369,1.758000
525,380,1.735000
