43.347862,-503.435638,1.827919
42.255962,-504.806213,1.824594
35.600769,-506.340057,1.819911
29.319424,-506.164917,1.821793
30.099560,-497.252686,1.827588
26.626774,-484.203705,1.825461
29.518375,-482.582092,1.818356
29.599121,-485.883270,1.815807
24.635527,-484.485168,1.810673
11.968011,-490.445068,1.802307
6.380228,-490.233093,1.792735
-12.679979,-493.724457,1.787934
-21.755157,-498.613861,1.786151
-30.346924,-488.502136,1.792051
-28.533051,-474.668518,1.792100
-27.056253,-471.650604,1.788274
-26.530468,-457.547485,1.781942
-36.167702,-440.153564,1.779576
-39.880100,-418.494446,1.772264
-38.259705,-395.000671,1.770611
-45.687027,-378.766296,1.772832
-54.579178,-377.580170,1.777355
-51.300205,-370.382263,1.771656
-43.643944,-363.907074,1.759997
-34.109756,-363.530426,1.752110
-16.542345,-363.194855,1.758686
2.740778,-369.616425,1.775955
23.797207,-419.192291,1.789720
46.139893,-470.261536,1.792309
73.321617,-537.804382,1.786774
90.394928,-620.883911,1.784929
100.278915,-711.143188,1.795702
102.858742,-790.281860,1.816802
101.080696,-848.970154,1.831543
102.254028,-852.422791,1.832994
107.787849,-856.389099,1.829537
110.878426,-841.803406,1.831736
117.178703,-837.899902,1.832348
118.913841,-841.884399,1.825320
112.430634,-848.853638,1.824334
88.898476,-718.128601,1.836892
71.828613,-590.334839,1.842552
47.585625,-427.789062,1.818425
8.835199,-218.622833,1.754016
-23.493345,21.740402,1.676411
-48.656776,255.079803,1.623423
-58.445488,435.706116,1.610630
-58.840446,441.598663,1.614302
-60.898026,436.250793,1.626552
-62.685406,437.534790,1.634171
-60.075279,437.982605,1.634724
-58.405510,441.283081,1.631576
-60.585289,446.509125,1.627208
-62.438427,447.859924,1.625599
-64.086342,448.826782,1.632307
-69.227081,448.754395,1.639891
-66.288338,451.679596,1.642421
-50.180904,461.500488,1.642495
-34.798908,428.586884,1.631859
-19.989214,382.669525,1.622591
-19.589632,322.540283,1.619125
-12.708615,244.634644,1.639988
-7.842241,160.820114,1.686370
-16.306992,64.504219,1.723483
-35.930439,-22.915890,1.727902
-51.765171,-53.432354,1.728814
-59.914745,-66.190018,1.741248
-54.237633,-76.513458,1.757359
-47.553444,-82.665413,1.766802
-39.311291,-86.597260,1.762273
-42.802113,-73.583023,1.748615
-42.557022,-64.982971,1.745191
-47.002464,-55.563320,1.754503
-36.246082,-62.098778,1.760726
-32.420494,-60.482288,1.755972
-32.058216,-62.008198,1.749475
-30.286486,-63.665745,1.748607
-24.527086,-72.156624,1.751578
-25.299221,-65.579536,1.761825
-27.902603,-67.981995,1.771579
-41.615623,-61.593342,1.777115
-39.441277,-64.302055,1.779529
-16.527622,-55.245121,1.775671
-12.871401,-52.529682,1.756755
0.710786,-47.321697,1.747979
20.175848,-48.343933,1.763340
45.370720,-49.396034,1.785291
62.454830,-55.421555,1.776718
65.435684,-68.560234,1.746109
56.853359,-102.144455,1.723779
63.055939,-132.534515,1.718144
68.629791,-157.530701,1.710915
72.048340,-172.303955,1.703895
65.469505,-172.278564,1.704667
71.903404,-169.353638,1.707371
76.396255,-173.785568,1.711121
77.742477,-175.999344,1.715255
74.658287,-175.611542,1.713752
70.474785,-174.009827,1.707953
59.333809,-174.609863,1.702406
54.165237,-176.604568,1.697028
52.814583,-183.455429,1.701284
61.043930,-183.126999,1.703471
68.238541,-180.031219,1.692411
79.881760,-182.616760,1.686249
84.576523,-186.226913,1.689052
91.298286,-177.099213,1.691396
96.765465,-168.595337,1.688921
91.261566,-154.765778,1.694785
91.107521,-144.928955,1.701638
85.358986,-152.029236,1.702736
82.338882,-149.019196,1.695542
74.887970,-150.789459,1.690996
70.616760,-150.534500,1.681243
73.115257,-156.729294,1.678005
82.307083,-166.983704,1.680715
120.120171,87.910622,1.688732
140.950485,437.493500,1.696844
101.816353,810.348145,1.699511
52.987839,1308.323242,1.686090
166.627319,1712.789673,1.665465
20.595329,1890.090942,1.670112
-136.196686,1908.298584,1.698287
-130.782852,1495.944458,1.709779
-108.766930,1295.795288,1.629203
189.942322,1282.171387,1.503520
-73.644867,1139.995117,1.492702
-452.778381,1437.331909,1.653466
-637.152100,1998.838501,1.805098
-1059.351074,2392.318359,1.843560
-1848.116455,2490.621582,1.814094
-2675.874756,2068.040527,1.804636
-3468.821533,1638.560669,1.812356
-3093.868896,1533.192627,1.828677
-2709.010742,1379.973267,1.837644
-2192.624268,1232.597412,1.837206
-1540.805176,1025.571655,1.793354
-858.900391,769.036560,1.727857
-279.042236,477.487488,1.691275
72.789520,174.727859,1.693191
-34.333477,31.282902,1.696326
-47.389847,37.005005,1.707217
-59.753292,44.526970,1.714566
-58.944881,55.944019,1.705391
-55.200336,73.335068,1.699916
-42.000706,81.922913,1.701396
-25.552128,83.248917,1.705795
-19.267605,77.674255,1.708342
-11.519388,50.389385,1.711785
-7.611430,45.794441,1.711869
-10.370617,38.182098,1.709152
-10.220689,28.548719,1.699152
-11.822936,22.798904,1.695974
-21.716797,19.420910,1.701684
-19.502708,16.871233,1.713185
-17.076771,11.620152,1.715193
-15.438253,8.018414,1.703345
-10.279294,12.132545,1.694601
-12.079801,10.794913,1.698608
-18.775078,14.391052,1.702950
-15.837311,13.904747,1.709171
-24.598715,9.583122,1.718077
-29.856186,9.784868,1.724553
-27.391760,9.871584,1.722322
-36.445248,3.509479,1.715987
-38.633335,-1.524911,1.717738
-35.605366,-7.663881,1.729699
-43.490513,-11.000274,1.726370
-43.770515,-4.357078,1.700712
-48.494881,-1.152500,1.680028
-55.449677,1.826689,1.685809
-53.965481,2.666020,1.699090
-54.995361,1.563868,1.701276
-51.932404,2.614527,1.690090
-50.370380,2.465087,1.684332
-52.645920,4.639152,1.688408
-56.256268,5.173115,1.695237
-58.055653,4.245528,1.697780
-56.710457,5.919796,1.698909
-49.923649,5.294924,1.699357
-49.356091,5.056144,1.702960
-47.600689,7.898813,1.700084
-51.040989,7.727612,1.697311
-57.992912,11.511953,1.704481
-62.512245,8.979340,1.712875
-60.333401,5.944691,1.710811
-57.674164,6.623377,1.706813
-52.213955,-0.073268,1.706161
-51.341595,2.474439,1.710599
-52.379311,6.382923,1.714939
-46.983158,14.087696,1.717272
-52.712795,17.916521,1.712785
-70.438393,15.354164,1.699194
-86.470451,10.074811,1.689402
-98.162460,10.444043,1.691328
-96.432899,-0.928151,1.696470
-96.553467,-6.502297,1.697281
-91.913498,-10.599990,1.693558
-83.210480,-10.601066,1.694247
-75.886856,1.586921,1.696647
-70.868523,7.839158,1.695513
-66.654419,11.992943,1.694134
-61.670540,18.826406,1.706651
-53.542324,19.572994,1.717232
-47.841537,17.251390,1.715349
-37.574841,15.180252,1.709465
-20.381493,1.866441,1.716338
-4.891603,-10.985922,1.723696
19.767374,-28.637901,1.715032
36.394096,-53.184368,1.688642
36.883171,-93.812408,1.670234
18.037039,-124.189194,1.659681
-16.226772,-147.211487,1.645765
-64.363022,-166.067474,1.622247
-109.702087,-180.738251,1.595978
-161.248703,-193.987808,1.580439
-184.030838,-204.667114,1.575491
-187.169189,-199.289978,1.575385
-176.600220,-203.216431,1.577969
-156.916580,-200.898285,1.575273
-134.915039,-188.804657,1.562786
-101.530716,-159.709488,1.560504
-207.617844,15.303312,1.526392
-353.242126,210.335907,1.487649
-548.121582,456.254761,1.558738
-610.578918,593.273071,1.981414
-744.905579,738.577332,2.620944
-827.593567,808.390503,3.021719
-784.931458,734.879822,2.773851
-518.326660,449.389435,2.169040
-234.247513,173.933731,1.745885
-10.292662,-47.217812,1.671283
-45.296135,-57.986965,1.661399
-57.342285,-60.066746,1.649907
-66.023392,-63.014500,1.642330
-66.820198,-63.974266,1.641207
-57.653309,-62.359932,1.648408
-53.686970,-61.510117,1.652992
-54.643524,-65.406815,1.648633
-57.627956,-60.847805,1.644160
-61.978477,-61.776379,1.639403
-57.437763,-54.359867,1.636978
-53.112904,-44.596828,1.638741
-48.776859,-42.849834,1.638389
-47.755707,-43.203243,1.635013
-39.251965,-44.936958,1.634785
-26.351126,-55.229176,1.645950
-22.248377,-56.542511,1.656422
-18.898943,-66.745308,1.657513
-24.029737,-75.806381,1.650344
-40.162842,-81.687424,1.641114
-45.548542,-85.051163,1.631636
-50.688736,-76.003685,1.630700
-57.905563,-70.627907,1.638771
-54.133869,-72.877968,1.648621
-60.870731,-70.544052,1.647374
-61.988167,-68.706390,1.631072
-48.479927,-66.901817,1.620388
-38.400227,-65.946472,1.624091
-25.887823,-70.327690,1.637431
-16.420668,-71.060593,1.650878
-7.030050,-72.374489,1.663981
5.655600,-73.807816,1.661499
6.943148,-82.962685,1.642778
-0.032839,-85.578323,1.628103
-7.169481,-92.766624,1.633016
-18.533684,-94.051933,1.649070
-23.037212,-93.978645,1.657527
-30.065748,-98.403427,1.648345
-45.069695,-98.989410,1.636616
-50.279957,-95.649361,1.637398
-56.145344,-95.504768,1.648881
-58.950748,-92.766685,1.650869
-54.224121,-95.340187,1.639428
-47.289230,-98.620239,1.639706
-41.825054,-94.842667,1.651728
-28.929621,-102.005531,1.656957
-22.964500,-109.308655,1.650860
-21.587530,-110.698875,1.640776
-23.098047,-110.997734,1.637347
-30.957926,-115.021538,1.638621
-38.803516,-112.281380,1.634823
-45.372505,-109.486549,1.635048
-49.756138,-109.562927,1.637443
-48.582256,-107.656784,1.635392
-43.512894,-106.035019,1.637529
-39.108730,-103.937553,1.641163
-24.940348,-93.437157,1.639535
-15.322757,-90.863388,1.641861
4.386430,-90.837517,1.640736
17.277702,-89.546341,1.640627
25.250130,-95.619926,1.654248
27.693295,-97.600029,1.670560
28.975777,-98.638077,1.666822
27.670067,-100.822327,1.647153
29.678726,-103.086258,1.636039
18.949371,-103.014771,1.641168
10.980447,-100.593422,1.643976
13.097934,-93.386475,1.635677
15.353913,-93.764206,1.630857
16.500210,-93.164589,1.630358
14.558046,-94.231735,1.628817
3.867807,-90.346718,1.622436
2.949575,-92.531624,1.621240
0.017395,-92.372803,1.633910
-4.775481,-91.817467,1.645799
-5.080577,-90.133820,1.647032
-1.403836,-90.992416,1.645560
-0.399481,-93.503731,1.649894
2.739581,-96.680733,1.650579
-5.388004,-94.093811,1.646961
-8.125624,-93.774269,1.643733
-13.209301,-102.777443,1.652359
-23.376980,-101.621674,1.662875
-30.052652,-100.119232,1.664608
-30.727787,-94.796066,1.659981
-30.342955,-93.925255,1.660139
-22.339155,-96.150551,1.665815
-16.867008,-95.028046,1.665505
-14.502288,-90.781578,1.661019
1.193727,-89.668648,1.657694
13.000878,-81.613441,1.658837
13.090304,-86.283989,1.655288
14.858228,-82.352417,1.647995
16.765162,-80.288246,1.639558
13.642244,-77.717209,1.639186
16.700405,-74.943451,1.648124
13.448620,-77.979248,1.661115
9.336921,-82.023354,1.660993
12.043805,-83.025208,1.648591
12.576543,-85.451004,1.640227
4.782427,-88.583725,1.642870
5.669735,-86.327141,1.644362
7.108322,-86.550339,1.638193
12.164350,-82.641983,1.639675
17.295191,-85.374985,1.656567
25.750767,-76.394508,1.666512
27.072487,-76.455643,1.658962
31.976101,-72.089447,1.649672
35.086937,-72.528458,1.654413
35.179245,-75.454346,1.665234
37.284180,-76.764847,1.664590
39.142441,-75.400574,1.654598
37.615005,-73.827477,1.655046
37.067558,-66.279709,1.660449
36.213341,-66.354965,1.657601
27.509369,-70.078888,1.650290
21.801762,-66.463264,1.650744
16.874271,-59.889317,1.656111
13.740679,-44.856976,1.655300
9.162382,-37.150639,1.646317
4.505460,-32.046936,1.636128
4.862696,-19.328178,1.624810
3.594088,-9.170176,1.620770
3.775269,-4.245329,1.626358
-7.390489,-10.113552,1.631039
-18.900572,-17.959179,1.626656
-22.972702,-22.880373,1.628939
-26.195278,-20.850012,1.639536
-26.123949,-24.335690,1.643653
-32.060223,-20.300058,1.642617
-35.542084,-20.601713,1.645069
-27.359110,-11.288496,1.639857
-14.631491,-2.774853,1.626455
-5.575495,2.406965,1.621894
-0.702884,4.428505,1.634003
-8.357110,7.814348,1.651675
-5.858683,6.138565,1.655884
-5.980032,12.911206,1.646302
-0.689088,15.887957,1.638874
-0.812048,10.501841,1.640942
1.414922,14.319876,1.645397
8.017926,20.166496,1.643982
10.123169,23.147310,1.640258
6.184840,22.051605,1.639177
-4.660993,13.603603,1.634903
-14.724126,6.140941,1.631725
-12.153578,13.066306,1.632160
-13.127341,15.256107,1.632424
-12.053271,18.378798,1.633010
-19.083454,18.262356,1.636198
-24.541779,15.903931,1.641846
-28.989679,13.810488,1.643443
-31.851034,5.078535,1.644297
-33.569607,-5.383681,1.645698
-25.828747,-3.852741,1.653321
-21.421297,-3.166040,1.662076
-23.526777,-1.412243,1.669437
-25.425186,3.957728,1.659820
-27.326990,5.116464,1.645940
-24.736513,13.011083,1.638061
-21.845356,16.664253,1.643432
-23.039040,11.002178,1.644922
-23.560575,8.929852,1.639555
-11.541136,4.351948,1.633814
1.362719,-2.285571,1.638890
14.709491,-4.498315,1.649899
39.421333,-13.636615,1.653638
68.822128,-21.443682,1.638923
86.077805,-29.704979,1.631527
98.954697,-42.664783,1.641299
104.924927,-56.032036,1.647315
97.391602,-67.762321,1.636495
92.333931,-78.947784,1.628198
78.816170,-80.053520,1.628126
60.270157,-82.261536,1.625225
57.663944,-77.659821,1.614800
51.884815,-67.198845,1.611624
41.479282,-50.359791,1.615444
34.445717,-36.262699,1.622320
21.413454,-21.857018,1.634501
2.751008,-11.260807,1.647988
-15.809010,3.435544,1.654491
-20.463882,9.227509,1.651540
-20.991341,8.153615,1.638061
-3.647864,8.351982,1.625785
18.127598,6.611377,1.621480
41.821098,6.685045,1.628706
70.072548,3.946951,1.632130
84.914314,1.438449,1.622980
87.192184,-0.554557,1.615654
96.124268,-2.814159,1.619587
93.848083,-12.163087,1.621147
92.739265,-17.577953,1.630982
88.036087,-20.058832,1.650533
74.094696,-13.454251,1.665610
63.025787,-8.596340,1.661955
42.211807,-4.113953,1.646958
29.036402,-9.229305,1.636362
19.710926,-12.945238,1.640946
8.164763,-15.057117,1.646444
1.747021,-16.157967,1.641633
-9.083805,-27.639099,1.630090
-10.505400,-33.221680,1.618106
-10.681875,-42.414619,1.611311
-24.809967,-34.331493,1.612837
-41.953796,-21.461685,1.618192
-54.158363,-20.554367,1.621042
-69.469566,-23.849039,1.626042
-74.838791,-13.361612,1.623795
-81.731598,-15.512318,1.616648
-93.570206,-10.851249,1.610955
-96.022141,-14.969427,1.612555
-91.423500,-26.821619,1.622193
-52.729404,2.092303,1.630633
11.611423,38.843079,1.631315
82.810150,75.824738,1.632950
175.456055,130.072739,1.657536
291.621490,193.033890,1.714577
395.834839,253.409912,1.775994
473.399506,308.814819,1.799844
497.787964,322.223389,1.789331
495.239563,325.951935,1.779520
488.683746,326.833069,1.787256
475.999542,313.902863,1.802830
466.618561,314.917419,1.808873
457.362518,318.418976,1.809338
449.627136,312.802917,1.811234
439.034485,319.002686,1.812407
438.305634,326.184448,1.806543
445.097534,342.320160,1.801679
460.510010,360.483368,1.810347
469.566345,357.848480,1.820112
474.891998,353.052856,1.815173
482.416016,346.006256,1.803189
500.722626,337.671265,1.802680
502.107941,339.007385,1.811593
510.526123,332.007172,1.817927
513.896179,337.321930,1.814846
510.988098,336.700684,1.817263
510.830170,335.072052,1.826137
508.296661,335.788940,1.824970
501.421204,336.889893,1.810469
501.109009,338.079559,1.793626
494.215271,342.722168,1.783464
487.398987,339.261780,1.781819
490.408478,344.908997,1.786137
488.952423,340.229065,1.794526
491.399323,336.695526,1.801659
493.597321,328.691772,1.802253
491.110382,328.270294,1.801635
486.299072,326.313843,1.803035
479.197632,336.656158,1.800897
461.704559,340.593475,1.800058
459.204590,357.996033,1.798766
452.821838,365.924286,1.794784
452.325256,374.963470,1.792230
464.503723,375.734497,1.796739
481.113708,382.412811,1.803008
517.766968,383.321869,1.807238
569.478638,386.514404,1.808899
615.073547,394.307587,1.812913
667.449951,397.081573,1.820013
728.886963,388.409332,1.821291
749.014221,380.740295,1.817860
766.009521,379.904358,1.814859
770.775818,376.615662,1.811219
775.909546,380.855743,1.803900
773.735962,367.565063,1.807679
758.093628,371.811066,1.819609
720.752991,388.541412,1.828726
703.671143,397.928406,1.827769
671.117798,393.801666,1.827496
641.837952,399.179291,1.831849
616.250427,394.721863,1.840579
611.901123,397.485809,1.834827
614.131287,389.390564,1.815796
611.357605,374.236847,1.795963
608.081482,360.725494,1.791609
606.170715,360.494171,1.795627
600.060425,356.573792,1.804073
591.048401,358.540466,1.806357
579.403259,357.057922,1.805452
566.546936,357.672943,1.804296
559.236633,355.249725,1.803391
551.617981,355.940063,1.797181
549.255981,356.391571,1.794763
548.620972,360.670654,1.798554
548.754578,365.305023,1.799833
554.034363,372.785004,1.798613
563.584717,373.228821,1.799664
562.824463,368.639740,1.796147
560.353943,361.769623,1.799512
550.370483,352.784302,1.811736
548.798584,344.490875,1.816114
555.418884,339.103149,1.803413
559.599426,333.602173,1.794432
566.796143,335.896667,1.788653
583.436096,335.152863,1.783335
589.298218,338.302643,1.779927
595.675415,341.103577,1.790091
593.212524,342.682159,1.800363
584.914612,340.617706,1.808059
574.421936,331.004333,1.812297
572.219971,325.033508,1.809378
563.068970,330.586151,1.803697
555.917603,331.130890,1.808700
550.073486,328.542450,1.815844
545.503662,326.168732,1.818712
545.251282,316.449890,1.819777
547.753601,313.459839,1.816914
540.090027,301.678894,1.812478
534.348816,296.949890,1.806030
534.786133,289.743958,1.799939
527.794861,292.079224,1.797932
520.895935,300.941498,1.803869
512.674561,304.097961,1.810439
512.081116,309.467316,1.815555
513.076538,324.883972,1.823106
510.275177,327.716003,1.827865
504.087555,337.194031,1.816680
507.572815,347.981659,1.804885
511.832153,342.478149,1.805164
520.943237,349.927185,1.808445
514.857544,351.642792,1.810024
507.683105,347.635498,1.812476
507.985779,345.257568,1.816114
500.293396,345.251617,1.817004
487.901062,339.094513,1.810580
468.908417,330.209045,1.798408
452.371765,326.765320,1.796130
457.955658,316.010986,1.805885
461.744781,314.399658,1.814365
467.074219,323.028687,1.812919
477.448761,330.340759,1.812496
482.417297,326.130157,1.819472
487.357513,328.321228,1.831773
484.289795,320.258331,1.839103
488.419434,325.348328,1.833964
490.798889,330.777008,1.821868
494.469635,332.101105,1.817163
488.219055,336.087067,1.816849
483.699615,351.041687,1.813586
492.524536,359.921936,1.809346
497.747284,372.100037,1.806066
500.381958,374.116852,1.808872
511.625214,367.640289,1.817419
511.038086,367.731262,1.823109
518.600403,359.090118,1.824884
521.016418,345.789124,1.822814
511.662903,343.668335,1.813847
510.382141,334.022522,1.796187
505.765015,331.273560,1.781229
494.938599,334.936829,1.785761
490.507782,339.447266,1.802753
485.198242,342.532471,1.808354
485.847626,346.736450,1.802167
485.663116,350.190002,1.797734
486.017059,348.701904,1.800483
486.976135,346.497467,1.810594
496.177032,343.321777,1.819565
500.437256,339.378784,1.824820
504.533752,336.593842,1.827731
499.243164,337.118774,1.834530
498.863525,332.252136,1.843731
500.517731,332.429901,1.844292
496.526550,339.712433,1.830411
495.796844,346.932465,1.816637
489.956482,351.481323,1.810227
484.093231,358.424469,1.813348
479.738800,361.010193,1.825410
475.889282,351.373383,1.832529
475.404236,350.026062,1.824529
476.535217,342.825806,1.816547
480.404327,335.928802,1.818118
491.446289,332.934784,1.814902
500.872559,326.636139,1.810081
507.352936,322.878845,1.813010
511.849609,327.562744,1.819228
511.957458,322.782715,1.816742
503.138000,323.660065,1.818095
495.916138,327.394928,1.827687
486.258850,328.647949,1.831134
479.729675,343.351654,1.815556
479.561340,349.126129,1.805367
473.499603,349.778351,1.804563
470.107178,355.135559,1.811762
481.622375,355.077850,1.818206
480.518555,348.163513,1.809915
480.737030,346.438538,1.791324
483.007172,331.115753,1.787489
489.470612,321.266144,1.792856
498.931946,326.631073,1.802902
512.356873,330.045624,1.811754
518.135498,331.303314,1.810509
527.235413,333.912872,1.806035
533.553650,330.486328,1.806614
528.773071,332.361633,1.806492
518.968323,335.953064,1.801583
521.320068,333.500244,1.795548
513.970093,314.601807,1.794539
513.578613,318.629364,1.801291
502.364899,311.178680,1.804053
498.948334,300.083466,1.795873
502.870941,295.992828,1.791437
503.426849,300.196960,1.798166
501.420654,312.474701,1.799033
