1328214511374
1328214511801
1328214512176
1328214512543
1328214512901
1328214513263
1328214513645
1328214514037
1328214514440
1328214514811
1328214515220
1328214515588
1328214515952
1328214516324
1328214516695
1328214517066
1328214517457
1328214517841
1328214518229
1328214518603
1328214518968
1328214519331
1328214519695
1328214520096
1328214520469
1328214520829
1328214521204
1328214521591
1328214521959
1328214526180
1328214526555
1328214526921
1328214527325
1328214527697
1328214528064
1328214528450
1328214528778
1328214529141
1328214529536
1328214529890
1328214533258
1328214533630
1328214534094
1328214534466
1328214534884
1328214535250
1328214535608
1328214535984
1328214536341
1328214536706
1328214537092
1328214537465
1328214537879
1328214538220
1328214538583
1328214538985
1328214539357
1328214539776
1328214540142
1328214540546
1328214540908
1328214541277
1328214541645
1328214542012
1328214542377
1328214542760
1328214543125
1328214543487
1328214543854
1328214544219
1328214544579
1328214544944
1328214545306
1328214545684
1328214546047
1328214546412
1328214546779
1328214547152
1328214547509
1328214547873
1328214548255
1328214548625
1328214548983
1328214549359
1328214549726
1328214550085
1328214550469
1328214550832
1328214551199
1328214551556
1328214551912
1328214552288
1328214552664
1328214553028
1328214553398
1328214553767
1328214554128
1328214554545
1328214554905
1328214555268
1328214555643
1328214556021
1328214559424
1328214559811
1328214560210
1328214560588
1328214560928
1328214561313
1328214561675
1328214562033
1328214562414
1328214562779
1328214563154
1328214563527
1328214563888
1328214564297
1328214567663
1328214568022
1328214568385
1328214569443
1328214569806
1328214570175
1328214570559
1328214570916
1328214571282
1328214571642
1328214572007
1328214572368
1328214572732
1328214573104
1328214573469
1328214573894
1328214574242
1328214574605
1328214574996
1328214575358
1328214575787
1328214576156
1328214576574
1328214576968
1328214577356
1328214577739
1328214578149
1328214578510
1328214578866
1328214579233
1328214579598
1328214579964
1328214580351
1328214580720
1328214581049
1328214581477
1328214581844
1328214582236
1328214582602
1328214582964
1328214583336
1328214583695
1328214584049
1328214584438
1328214584810
1328214585165
1328214585533
1328214585891
1328214586250
1328214586644
1328214587013
1328214587366
1328214587736
1328214588096
1328214588468
1328214588835
1328214589210
1328214589583
1328214589956
1328214590325
1328214590658
1328214591043
1328214591413
1328214591878
1328214592247
1328214592618
1328214592987
1328214593398
1328214593736
1328214594098
1328214594457
1328214594818
1328214595188
1328214595549
1328214595927
1328214596288
1328214596785
1328214597174
1328214597530
1328214597892
1328214598272
1328214598641
1328214599952
1328214600328
1328214600687
1328214601047
1328214601445
1328214601820
1328214602213
1328214602584
1328214602956
1328214603333
1328214606712
1328214607106
1328214607470
1328214607876
1328214608259
1328214608670
1328214609033
1328214609444
1328214609809
1328214610169
1328214610545
1328214610915
1328214611275
1328214611656
1328214612017
1328214612385
1328214612756
1328214613119
1328214613480
1328214613859
1328214614216
1328214614576
1328214614959
1328214615328
1328214615734
1328214616104
1328214616472
1328214616837
1328214617197
1328214617555
1328214617944
1328214618306
1328214618667
1328214619044
1328214619411
1328214619770
1328214620147
1328214620540
1328214620934
1328214621312
1328214621719
1328214622112
1328214622503
1328214622874
1328214623221
1328214623605
1328214623963
1328214624340
1328214624704
1328214625070
1328214625440
1328214625817
1328214626160
1328214626593
1328214626962
1328214627346
1328214627704
1328214628079
1328214628495
1328214628870
1328214629275
1328214629655
1328214630056
1328214630444
1328214630845
1328214631215
1328214631627
1328214632008
1328214632423
1328214632787
1328214633207
1328214633587
1328214634001
1328214634360
1328214634782
1328214635149
1328214635508
1328214635876
1328214636248
1328214636611
1328214636989
1328214637353
1328214637714
1328214638088
1328214638448
1328214638862
1328214639237
1328214639657
1328214640034
1328214640433
1328214640785
1328214641227
1328214641580
1328214641945
1328214642328
1328214642699
1328214643116
1328214643481
1328214643846
1328214644263
1328214644621
1328214645003
1328214645365
1328214645735
1328214646109
1328214646484
1328214646884
1328214647233
1328214647599
1328214647993
1328214648349
1328214648716
1328214649095
1328214649463
1328214649829
1328214650195
1328214650546
1328214650905
1328214651294
1328214651658
1328214652025
1328214652397
1328214652759
1328214653175
1328214653517
1328214653874
1328214654233
1328214654607
1328214654965
1328214655326
1328214655702
1328214656062
1328214656418
1328214656803
1328214657162
1328214657520
1328214657892
1328214658266
1328214658638
1328214659028
1328214659399
1328214659784
1328214660130
1328214660502
1328214660887
1328214661249
1328214661618
1328214661997
1328214662389
1328214662776
1328214663180
1328214663569
1328214663933
1328214664293
1328214664831
1328214665191
1328214665556
1328214665917
1328214666280
1328214666716
1328214667092
1328214667501
1328214667846
1328214668218
1328214668605
1328214668966
1328214669340
1328214669702
1328214670081
1328214670495
1328214670834
1328214671221
1328214671593
1328214671951
1328214672376
1328214672731
1328214673092
1328214673477
1328214673878
1328214674264
1328214674628
1328214675044
1328214675404
1328214675773
1328214676154
1328214676519
1328214676886
1328214677255
1328214677602
1328214677976
1328214678363
1328214678725
1328214679135
1328214679519
1328214679914
1328214680275
1328214680630
1328214681042
1328214681402
1328214681807
1328214682171
1328214682608
1328214682982
1328214683383
1328214683732
1328214684094
1328214684489
1328214684851
1328214685276
1328214685662
1328214686056
1328214686418
1328214686851
1328214687222
1328214687624
1328214688010
1328214688420
1328214688778
1328214689150
1328214689549
1328214689908
1328214690303
1328214690686
1328214691084
1328214694471
1328214694864
1328214695248
1328214695643
1328214696005
1328214696366
1328214696755
1328214697148
1328214697533
1328214697915
1328214698276
1328214698697
1328214699070
1328214699436
1328214699803
1328214700155
1328214700544
1328214700902
1328214701265
1328214701640
1328214702003
1328214702413
1328214702802
1328214703203
1328214703557
1328214703913
1328214704324
1328214704684
1328214705089
1328214705456
1328214705834
1328214706209
1328214706552
1328214706919
1328214707317
1328214707679
1328214708080
1328214708439
1328214708872
1328214709233
1328214709583
1328214709964
1328214710342
1328214710698
1328214711076
1328214711443
1328214711818
1328214712185
1328214712556
1328214712895
1328214713263
1328214713619
1328214713980
1328214714369
1328214714727
1328214715092
1328214715475
1328214715841
1328214716212
1328214716576
1328214716938
1328214717310
1328214717672
1328214718037
1328214718401
1328214718781
1328214719166
1328214719555
1328214719922
1328214720282
1328214720657
1328214721011
1328214721373
1328214721769
1328214722142
1328214722544
1328214722950
1328214723285
1328214723657
1328214724032
1328214724434
1328214724809
1328214725174
1328214725537
1328214726024
1328214726365
1328214726741
1328214727105
1328214727465
1328214727823
1328214728216
1328214728588
1328214728998
1328214729395
1328214729747
1328214730114
1328214730486
1328214730900
1328214731315
1328214731685
1328214732076
1328214732476
1328214732814
1328214733172
1328214733557
1328214733911
1328214734273
1328214734665
1328214735059
1328214735450
1328214735821
1328214736185
1328214736547
1328214736919
1328214737344
1328214737718
1328214738128
1328214738506
1328214738910
1328214739268
1328214739631
1328214740009
1328214740370
1328214740737
1328214741107
1328214741474
1328214741907
1328214742292
1328214742688
1328214743048
1328214743428
1328214743822
1328214744182
1328214744568
1328214744941
1328214745518
1328214745888
1328214746246
1328214746618
1328214746992
1328214747365
1328214747727
1328214748102
1328214748506
1328214748883
1328214749284
1328214749664
1328214750081
1328214750439
1328214750864
1328214751236
1328214751604
1328214751985
1328214752377
1328214752757
1328214753133
1328214753548
1328214753928
1328214754449
1328214754818
1328214755185
1328214755574
1328214755940
1328214756337
1328214756687
1328214757051
1328214757415
1328214757790
1328214758162
1328214758584
1328214758954
1328214762350
1328214762695
1328214763053
1328214763452
1328214763815
1328214764176
1328214764562
1328214764943
1328214765345
1328214765682
1328214766049
1328214766435
1328214766795
1328214767157
1328214767551
1328214767944
1328214768338
1328214768702
1328214769057
1328214769434
1328214769796
1328214770168
1328214770552
1328214770919
1328214771306
1328214771672
1328214772025
1328214772413
1328214772787
1328214773152
1328214773515
1328214773908
1328214774301
1328214774712
1328214775115
