283.439789,132.965012,0.003860
364.696106,92.756973,-0.003140
365.573975,93.403305,-0.003140
364.456848,93.017113,-0.006140
363.394043,92.272743,-0.006140
363.118042,91.643730,0.019860
364.184448,91.661232,-0.003140
365.448761,94.031715,-0.003140
365.346313,94.105354,0.000860
363.405090,93.760483,0.000860
361.650970,92.822212,0.000860
365.406403,92.903046,-0.012140
368.979187,93.058838,-0.012140
367.469360,92.482536,0.007860
366.032898,91.371780,0.007860
366.805267,92.580467,-0.017140
364.443787,93.220016,0.026860
362.150574,90.451965,0.004860
358.527283,90.400742,0.023860
347.161621,87.061653,0.021860
338.987610,83.779671,0.012860
332.169708,82.325233,-0.003140
322.188782,79.031654,0.005860
308.835846,71.996742,0.041860
286.878754,64.210938,0.042860
268.815247,56.028214,0.058860
260.682037,51.892365,0.057860
251.702148,48.607353,0.043860
238.796814,45.912872,0.069860
221.462616,41.326385,0.105860
213.452927,38.685272,0.031860
215.366974,37.944923,0.031860
215.366974,37.944923,0.031860
193.771545,33.549858,0.080860
163.435486,23.292099,0.126860
150.590103,19.271790,0.091860
148.489594,17.033203,0.054860
140.892700,14.066345,0.090860
105.496582,7.611328,0.127860
74.680367,-1.427643,0.169860
73.875519,-1.354340,0.126860
74.619537,-2.290359,0.143860
70.429230,-2.103729,0.134860
73.917801,-5.210510,0.070860
61.987732,-5.113388,0.188860
