5 373.450928,325.477539,-1.491341 -34.146545 588.001709
5 373.932007,334.759460,-1.509341 -50.902069 1710.475952
5 373.513916,334.430054,-1.471341 -47.514069 1685.619751
5 374.277100,334.629761,-1.482341 -39.967194 1684.957520
5 374.599792,335.211823,-1.528341 -17.981812 1710.539185
5 374.629272,335.413696,-1.528341 -13.865570 1734.132690
5 372.542267,334.689087,-1.476341 -59.869446 1715.177124
5 373.753021,334.311432,-1.509341 -70.041321 1676.940063
5 373.981812,334.283356,-1.509341 -38.080048 1673.659912
5 374.362061,334.938934,-1.528341 -29.698181 1690.809448
5 373.365448,333.846649,-1.480341 -44.950439 1687.892090
5 373.837189,335.201965,-1.495341 -53.162537 1669.531372
5 373.931763,336.042572,-1.495341 -39.952545 1767.777100
5 372.545959,335.791534,-1.486341 -70.499512 1761.210205
5 371.722321,335.035736,-1.468341 -113.131439 1731.614502
5 371.261841,335.549927,-1.453341 -134.154633 1719.726074
5 372.947815,335.526306,-1.470341 -103.490997 1750.162598
5 372.801971,334.757141,-1.466341 -75.952454 1715.718994
5 374.318878,331.290131,-1.547341 -49.707947 1601.101807
5 372.075104,322.806915,-1.586341 -71.295898 1253.822754
5 369.473022,317.038208,-1.573341 -172.467392 825.005310
5 367.301666,311.307465,-1.566341 -259.712311 569.223816
5 363.725830,299.631805,-1.587341 -370.974213 85.190926
5 362.502045,291.253326,-1.590341 -456.237976 -513.865112
5 359.993195,282.923126,-1.618341 -524.405518 -895.791199
5 352.689117,270.486786,-1.666341 -727.790405 -1476.369385
5 349.592743,261.360718,-1.671341 -918.688599 -2091.687256
5 344.421997,254.777618,-1.686341 -1068.946045 -2458.588623
5 343.692078,252.863495,-1.686341 -1170.916382 -2682.302734
5 343.692078,252.863495,-1.686341 -1170.916382 -2682.302734
5 343.692078,252.863495,-1.686341 -1170.916382 -2682.302734
5 329.026367,234.862198,-1.760341 -1494.194092 -3153.208008
5 321.243591,217.929718,-1.754341 -1924.779297 -4300.639160
5 322.563080,206.615234,-1.691341 -1994.270752 -4955.359863
5 323.461487,200.493271,-1.679341 -1936.364014 -5403.541504
5 307.538605,184.617554,-1.740341 -2277.205811 -5934.168457
5 305.135376,178.317169,-1.740341 -2612.936768 -6670.531738
5 309.169830,173.929657,-1.685341 -2524.004883 -6785.306641
5 305.539612,166.593353,-1.668341 -2532.769043 -7148.926758
5 303.350830,165.214462,-1.682341 -2655.830566 -7398.031738
5 303.117737,165.632675,-1.682341 -2688.396973 -7349.151855
5 295.613464,167.525986,-1.730341 -2853.814697 -7299.623535
5 303.382233,168.795502,-1.684341 -2815.108643 -7192.318848
5 303.976837,167.569244,-1.680341 -2644.891602 -7206.679688
5 303.865662,166.955978,-1.680341 -2660.425049 -7278.354980
