3 -237.530457,2583.286621,-1.604000
3 -506.836517,7557.620117,-1.575000
3 -548.056030,7548.452148,-1.575000
3 -539.390747,7547.432617,-1.602000
3 -596.391235,7527.459961,-1.580000
3 -658.462952,7492.751465,-1.580000
3 -586.082397,7480.179688,-1.590000
3 -517.221619,7455.949219,-1.590000
3 -669.118774,7496.381836,-1.551000
3 -813.629395,7574.312988,-1.551000
3 -725.957275,7548.830078,-1.575000
3 -515.627625,7523.836914,-1.616000
3 -394.878815,7570.333984,-1.616000
3 -587.553711,7580.866699,-1.558000
3 -770.859131,7601.168457,-1.558000
3 -912.561829,7559.036621,-1.517000
3 -852.659973,7474.094238,-1.566000
3 -635.302368,7425.097656,-1.591000
3 -622.591675,7332.655273,-1.588000
3 -631.408936,7247.895508,-1.581000
3 -749.551270,6974.790039,-1.549000
3 -868.310791,6621.045410,-1.565000
3 -770.493713,6415.888184,-1.594000
3 -831.782410,6136.705078,-1.540000
3 -1061.342285,5827.670898,-1.491000
3 -1166.867432,5476.198242,-1.467000
3 -1076.911499,5213.852051,-1.510000
3 -916.828979,5078.967773,-1.526000
3 -928.992493,4794.071289,-1.526000
3 -1041.239990,4325.026367,-1.501000
3 -1102.812744,4084.541260,-1.471000
3 -1094.696045,3885.521973,-1.464000
3 -938.544312,3691.572266,-1.515000
3 -756.738831,3311.328613,-1.561000
3 -631.687927,2847.503174,-1.616000
3 -557.007935,2699.499023,-1.616000
3 -545.284302,2604.023193,-1.633000
3 -442.890564,2205.944092,-1.685000
3 -356.087189,1793.366455,-1.685000
3 -343.344147,1800.161865,-1.697000
3 -331.220764,1813.259644,-1.697000
3 -313.890259,1806.464111,-1.711000
3 -297.402435,1793.366455,-1.711000
3 -315.752411,1795.405151,-1.683000
3 -324.035095,1783.705200,-1.690000
