854.294067,-1276.183594,3.123000
1667.045044,-3735.931641,3.123000
1595.684082,-3762.094238,3.102000
1527.793091,-3812.520508,3.102000
1441.140381,-3826.110840,3.063000
1358.701538,-3852.306396,3.063000
1428.533325,-3833.958740,3.092000
1494.969360,-3798.595215,3.092000
1574.995850,-3769.034912,3.123000
1651.130615,-3712.059814,3.123000
1614.430664,-3731.766602,3.110000
1587.670898,-3765.672852,3.086000
1595.429688,-3757.814209,3.086000
1534.772827,-3793.829590,3.103000
1477.065552,-3863.247559,3.103000
1504.080811,-3876.498779,3.089000
1546.093628,-3886.749756,3.095000
1619.210083,-3828.738770,-3.110000
1522.620239,-3779.844482,-3.125000
1132.398804,-3812.018555,3.083000
760.040588,-3792.871094,-3.133000
482.333008,-3671.396973,3.128000
46.498459,-3612.917480,3.032000
-253.573959,-3526.226074,3.022000
-439.774414,-3517.545654,3.031000
-748.592224,-3508.730469,3.024000
-924.903870,-3472.273438,3.065000
-1028.171509,-3407.599121,3.078000
-1294.953125,-3282.072266,3.026000
-1676.653442,-3251.700928,2.978000
-2347.862061,-3246.757812,3.051000
-2852.623535,-3231.895508,3.022000
-2957.271484,-3196.060303,3.028000
-2916.765137,-3315.342285,-3.139000
-2848.471191,-3376.172607,3.104000
