2 208.115677,130.904968,1.946046
2 216.788071,86.391014,1.946046
2 214.288223,86.741722,1.963046
2 211.909943,87.417694,1.963046
2 214.412598,87.291351,1.924046
2 215.628387,87.308311,1.919046
2 214.519867,87.810402,1.919046
2 212.912018,87.088150,1.983046
2 211.382370,85.696053,1.983046
2 213.221085,86.010391,1.918046
2 214.970383,86.616257,1.918046
2 214.206589,86.139267,1.952046
2 215.685425,86.433876,1.909046
2 217.783661,88.773712,1.909046
2 217.834503,88.100983,1.924046
2 217.151642,85.689957,1.940046
2 216.509354,84.817581,1.926046
2 216.742371,87.383507,2.047045
2 219.751755,87.355980,2.531046
2 220.605225,87.443687,2.928046
2 219.126511,87.796867,-2.980139
2 217.640717,85.218086,-1.749140
2 215.820526,83.409302,-1.748140
2 217.506943,85.133781,-1.529140
2 219.381332,84.644821,-1.205140
2 216.234543,80.621895,0.405860
2 212.496094,78.232521,0.444860
2 211.207443,77.698112,0.447860
2 211.195114,78.224426,0.561860
2 210.723434,78.014160,0.837860
2 209.781982,80.108032,1.468861
2 212.569885,86.086418,1.810046
2 217.912476,87.101059,2.159045
2 221.356476,87.649803,2.512046
2 222.256012,88.269493,-3.021140
2 222.592255,87.361626,-2.651139
2 223.631134,84.628914,-2.208140
2 223.700516,82.980766,-2.233140
2 221.968262,84.688820,-2.184139
2 220.979721,83.318634,-2.184139
2 222.519333,83.406784,-2.228140
2 221.207306,83.811577,-2.176140
2 218.565567,84.264267,-2.176140
2 219.760651,83.984276,-2.184139
2 220.897614,83.444611,-2.184139
