279.733032,138.519516,-0.027140
355.543701,108.200783,-0.015140
354.595703,107.273193,-0.015140
354.348816,107.702057,-0.004140
354.113953,108.528702,-0.004140
354.176880,107.850800,-0.006140
354.236755,106.544220,-0.006140
356.555664,108.797348,-0.063140
356.477234,110.939621,-0.007140
355.043823,107.247925,-0.011140
355.747894,108.307152,-0.011140
355.847137,108.632248,-0.026140
355.941528,109.258881,-0.026140
355.656616,108.500885,-0.014140
355.385620,107.039925,-0.014140
357.557922,107.931488,-0.033140
357.156555,108.733360,-0.026140
356.235718,107.012718,-0.223140
358.358368,107.342804,-0.506140
360.259094,108.082703,-0.861140
361.667847,109.801369,-1.244140
360.393433,111.848450,-1.582140
359.054749,110.489517,-1.901139
359.356750,108.611626,-2.237139
359.025757,109.082283,-2.599139
